Level  PRESSURE   K111    K112    K113    K114    K115    K116    K117    K118    K119    K120
   1  1.672E+06   0.000E+00  0.000E+00  0.000E+00  0.000E+00  0.000E+00  0.000E+00  0.000E+00  0.000E+00  0.000E+00  0.000E+00
   2  1.617E+06   0.000E+00  0.000E+00  0.000E+00  0.000E+00  0.000E+00  0.000E+00  0.000E+00  0.000E+00  0.000E+00  0.000E+00
   3  1.564E+06   0.000E+00  0.000E+00  0.000E+00  0.000E+00  0.000E+00  0.000E+00  0.000E+00  0.000E+00  0.000E+00  0.000E+00
   4  1.512E+06   0.000E+00  0.000E+00  0.000E+00  0.000E+00  0.000E+00  0.000E+00  0.000E+00  0.000E+00  0.000E+00  0.000E+00
   5  1.462E+06   0.000E+00  0.000E+00  0.000E+00  0.000E+00  0.000E+00  0.000E+00  0.000E+00  0.000E+00  0.000E+00  0.000E+00
   6  1.414E+06   0.000E+00  0.000E+00  0.000E+00  0.000E+00  0.000E+00  0.000E+00  0.000E+00  0.000E+00  0.000E+00  0.000E+00
   7  1.368E+06   0.000E+00  0.000E+00  0.000E+00  0.000E+00  0.000E+00  0.000E+00  0.000E+00  0.000E+00  0.000E+00  0.000E+00
   8  1.323E+06   0.000E+00  0.000E+00  0.000E+00  0.000E+00  0.000E+00  0.000E+00  0.000E+00  0.000E+00  0.000E+00  0.000E+00
   9  1.280E+06   0.000E+00  0.000E+00  0.000E+00  0.000E+00  0.000E+00  0.000E+00  0.000E+00  0.000E+00  0.000E+00  0.000E+00
  10  1.237E+06   0.000E+00  0.000E+00  0.000E+00  0.000E+00  0.000E+00  0.000E+00  0.000E+00  0.000E+00  0.000E+00  0.000E+00
  11  1.176E+06   0.000E+00  0.000E+00  0.000E+00  0.000E+00  0.000E+00  0.000E+00  0.000E+00  0.000E+00  0.000E+00  0.000E+00
  12  1.118E+06   0.000E+00  0.000E+00  0.000E+00  2.739E-37  0.000E+00  0.000E+00  0.000E+00  0.000E+00  0.000E+00  0.000E+00
  13  1.064E+06   0.000E+00  0.000E+00  0.000E+00  7.666E-35  0.000E+00  0.000E+00  0.000E+00  0.000E+00  2.921E-36  0.000E+00
  14  1.011E+06   0.000E+00  0.000E+00  0.000E+00  1.340E-32  0.000E+00  0.000E+00  0.000E+00  0.000E+00  5.105E-34  0.000E+00
  15  9.616E+05   0.000E+00  0.000E+00  0.000E+00  8.245E-31  0.000E+00  0.000E+00  0.000E+00  0.000E+00  3.142E-32  0.000E+00
  16  9.148E+05   0.000E+00  0.000E+00  0.000E+00  1.117E-28  0.000E+00  0.000E+00  0.000E+00  0.000E+00  4.258E-30  0.000E+00
  17  8.697E+05   0.000E+00  0.000E+00  0.000E+00  7.491E-27  0.000E+00  0.000E+00  0.000E+00  0.000E+00  2.854E-28  0.000E+00
  18  8.272E+05   0.000E+00  0.000E+00  0.000E+00  2.854E-25  0.000E+00  0.000E+00  0.000E+00  0.000E+00  1.087E-26  0.000E+00
  19  7.866E+05   0.000E+00  0.000E+00  0.000E+00  1.265E-23  0.000E+00  0.000E+00  0.000E+00  0.000E+00  4.819E-25  0.000E+00
  20  7.480E+05   0.000E+00  0.000E+00  0.000E+00  4.598E-22  0.000E+00  0.000E+00  0.000E+00  0.000E+00  1.752E-23  0.000E+00
  21  7.112E+05   0.000E+00  0.000E+00  0.000E+00  1.053E-20  0.000E+00  0.000E+00  0.000E+00  0.000E+00  4.012E-22  0.000E+00
  22  6.763E+05   0.000E+00  0.000E+00  0.000E+00  1.706E-19  0.000E+00  0.000E+00  0.000E+00  0.000E+00  6.499E-21  0.000E+00
  23  6.433E+05   0.000E+00  0.000E+00  0.000E+00  2.933E-18  0.000E+00  0.000E+00  0.000E+00  0.000E+00  1.117E-19  0.000E+00
  24  6.117E+05   0.000E+00  0.000E+00  0.000E+00  3.497E-17  0.000E+00  0.000E+00  0.000E+00  0.000E+00  1.332E-18  0.000E+00
  25  5.818E+05   0.000E+00  0.000E+00  0.000E+00  2.872E-16  0.000E+00  0.000E+00  0.000E+00  0.000E+00  1.093E-17  0.000E+00
  26  5.533E+05   0.000E+00  0.000E+00  0.000E+00  2.573E-15  0.000E+00  0.000E+00  0.000E+00  0.000E+00  9.794E-17  0.000E+00
  27  5.259E+05   0.000E+00  0.000E+00  0.000E+00  1.674E-14  0.000E+00  0.000E+00  0.000E+00  0.000E+00  6.370E-16  0.000E+00
  28  5.001E+05   0.000E+00  0.000E+00  0.000E+00  9.608E-14  0.000E+00  0.000E+00  0.000E+00  0.000E+00  3.655E-15  0.000E+00
  29  4.756E+05   0.000E+00  0.000E+00  0.000E+00  4.290E-13  0.000E+00  0.000E+00  0.000E+00  0.000E+00  1.631E-14  0.000E+00
  30  4.523E+05   0.000E+00  0.000E+00  0.000E+00  1.836E-12  0.000E+00  0.000E+00  0.000E+00  0.000E+00  6.977E-14  0.000E+00
  31  4.302E+05   0.000E+00  0.000E+00  0.000E+00  6.665E-12  0.000E+00  0.000E+00  0.000E+00  0.000E+00  2.531E-13  0.000E+00
  32  4.092E+05   0.000E+00  0.000E+00  0.000E+00  1.938E-11  0.000E+00  0.000E+00  0.000E+00  0.000E+00  7.350E-13  0.000E+00
  33  3.891E+05   0.000E+00  0.000E+00  0.000E+00  5.952E-11  0.000E+00  0.000E+00  0.000E+00  0.000E+00  2.255E-12  0.000E+00
  34  3.701E+05   0.000E+00  0.000E+00  0.000E+00  1.534E-10  0.000E+00  0.000E+00  0.000E+00  0.000E+00  5.806E-12  0.000E+00
  35  3.520E+05   0.000E+00  0.000E+00  0.000E+00  3.651E-10  0.000E+00  0.000E+00  0.000E+00  0.000E+00  1.378E-11  0.000E+00
  36  3.346E+05   0.000E+00  0.000E+00  0.000E+00  8.300E-10  0.000E+00  0.000E+00  0.000E+00  0.000E+00  3.127E-11  0.000E+00
  37  3.184E+05   0.000E+00  0.000E+00  0.000E+00  1.801E-09  0.000E+00  0.000E+00  0.000E+00  0.000E+00  6.771E-11  0.000E+00
  38  3.028E+05   0.000E+00  0.000E+00  0.000E+00  3.738E-09  0.000E+00  0.000E+00  0.000E+00  0.000E+00  1.401E-10  0.000E+00
  39  2.879E+05   0.000E+00  0.000E+00  0.000E+00  7.503E-09  0.000E+00  0.000E+00  0.000E+00  0.000E+00  2.804E-10  0.000E+00
  40  2.738E+05   0.000E+00  0.000E+00  0.000E+00  1.396E-08  0.000E+00  0.000E+00  0.000E+00  0.000E+00  5.202E-10  0.000E+00
  41  2.603E+05   0.000E+00  0.000E+00  0.000E+00  2.623E-08  0.000E+00  0.000E+00  0.000E+00  0.000E+00  9.753E-10  0.000E+00
  42  2.478E+05   0.000E+00  0.000E+00  0.000E+00  4.642E-08  0.000E+00  0.000E+00  0.000E+00  0.000E+00  1.721E-09  0.000E+00
  43  2.356E+05   0.000E+00  0.000E+00  0.000E+00  7.947E-08  0.000E+00  0.000E+00  0.000E+00  0.000E+00  2.940E-09  0.000E+00
  44  2.240E+05   0.000E+00  0.000E+00  0.000E+00  1.317E-07  0.000E+00  0.000E+00  0.000E+00  0.000E+00  4.862E-09  0.000E+00
  45  2.131E+05   0.000E+00  0.000E+00  0.000E+00  2.224E-07  0.000E+00  0.000E+00  0.000E+00  0.000E+00  8.195E-09  0.000E+00
  46  2.026E+05   0.000E+00  0.000E+00  0.000E+00  3.391E-07  0.000E+00  0.000E+00  0.000E+00  0.000E+00  1.247E-08  0.000E+00
  47  1.928E+05   0.000E+00  0.000E+00  0.000E+00  5.190E-07  0.000E+00  0.000E+00  0.000E+00  0.000E+00  1.906E-08  0.000E+00
  48  1.833E+05   0.000E+00  0.000E+00  0.000E+00  7.775E-07  0.000E+00  0.000E+00  0.000E+00  0.000E+00  2.853E-08  0.000E+00
  49  1.638E+05   0.000E+00  0.000E+00  0.000E+00  1.703E-06  0.000E+00  0.000E+00  0.000E+00  0.000E+00  6.237E-08  0.000E+00
  50  1.481E+05   0.000E+00  0.000E+00  0.000E+00  3.203E-06  0.000E+00  0.000E+00  0.000E+00  0.000E+00  1.171E-07  0.000E+00
  51  1.340E+05   0.000E+00  0.000E+00  0.000E+00  5.493E-06  0.000E+00  0.000E+00  0.000E+00  0.000E+00  2.007E-07  0.000E+00
  52  1.213E+05   0.000E+00  0.000E+00  0.000E+00  8.846E-06  0.000E+00  0.000E+00  0.000E+00  0.000E+00  3.230E-07  0.000E+00
  53  1.097E+05   0.000E+00  0.000E+00  0.000E+00  1.332E-05  0.000E+00  0.000E+00  0.000E+00  0.000E+00  4.861E-07  0.000E+00
  54  9.927E+04   0.000E+00  0.000E+00  0.000E+00  1.949E-05  0.000E+00  0.000E+00  0.000E+00  0.000E+00  7.110E-07  0.000E+00
  55  8.982E+04   0.000E+00  0.000E+00  0.000E+00  2.731E-05  0.000E+00  0.000E+00  0.000E+00  0.000E+00  9.959E-07  0.000E+00
  56  8.125E+04   0.000E+00  0.000E+00  0.000E+00  3.692E-05  0.000E+00  0.000E+00  0.000E+00  0.000E+00  1.346E-06  0.000E+00
  57  7.353E+04   0.000E+00  0.000E+00  0.000E+00  4.773E-05  0.000E+00  0.000E+00  0.000E+00  0.000E+00  1.740E-06  0.000E+00
  58  6.652E+04   0.000E+00  0.000E+00  0.000E+00  6.059E-05  0.000E+00  0.000E+00  0.000E+00  0.000E+00  2.209E-06  0.000E+00
  59  6.020E+04   0.000E+00  0.000E+00  0.000E+00  7.503E-05  0.000E+00  0.000E+00  0.000E+00  0.000E+00  2.734E-06  0.000E+00
  60  5.446E+04   0.000E+00  0.000E+00  0.000E+00  9.013E-05  0.000E+00  0.000E+00  0.000E+00  0.000E+00  3.285E-06  0.000E+00
  61  4.926E+04   0.000E+00  0.000E+00  0.000E+00  1.066E-04  0.000E+00  0.000E+00  0.000E+00  0.000E+00  3.886E-06  0.000E+00
  62  4.460E+04   0.000E+00  0.000E+00  0.000E+00  1.240E-04  0.000E+00  0.000E+00  0.000E+00  0.000E+00  4.518E-06  0.000E+00
  63  4.036E+04   0.000E+00  0.000E+00  0.000E+00  1.419E-04  0.000E+00  0.000E+00  0.000E+00  0.000E+00  5.169E-06  0.000E+00
  64  3.651E+04   0.000E+00  0.000E+00  0.000E+00  1.603E-04  0.000E+00  0.000E+00  0.000E+00  0.000E+00  5.838E-06  0.000E+00
  65  3.303E+04   0.000E+00  0.000E+00  0.000E+00  1.789E-04  0.000E+00  0.000E+00  0.000E+00  0.000E+00  6.515E-06  0.000E+00
  66  2.991E+04   0.000E+00  0.000E+00  0.000E+00  1.975E-04  0.000E+00  0.000E+00  0.000E+00  0.000E+00  7.194E-06  0.000E+00
  67  2.704E+04   0.000E+00  0.000E+00  0.000E+00  2.161E-04  0.000E+00  0.000E+00  0.000E+00  0.000E+00  7.871E-06  0.000E+00
  68  2.448E+04   0.000E+00  0.000E+00  0.000E+00  2.344E-04  0.000E+00  0.000E+00  0.000E+00  0.000E+00  8.538E-06  0.000E+00
  69  2.215E+04   0.000E+00  0.000E+00  0.000E+00  2.524E-04  0.000E+00  0.000E+00  0.000E+00  0.000E+00  9.194E-06  0.000E+00
  70  2.004E+04   0.000E+00  0.000E+00  0.000E+00  2.701E-04  0.000E+00  0.000E+00  0.000E+00  0.000E+00  9.838E-06  0.000E+00
  71  1.815E+04   0.000E+00  0.000E+00  0.000E+00  2.876E-04  0.000E+00  0.000E+00  0.000E+00  0.000E+00  1.048E-05  0.000E+00
  72  1.642E+04   0.000E+00  0.000E+00  0.000E+00  3.052E-04  0.000E+00  0.000E+00  0.000E+00  0.000E+00  1.113E-05  0.000E+00
  73  1.487E+04   0.000E+00  0.000E+00  0.000E+00  3.238E-04  0.000E+00  0.000E+00  0.000E+00  0.000E+00  1.181E-05  0.000E+00
  74  1.346E+04   0.000E+00  0.000E+00  0.000E+00  3.441E-04  0.000E+00  0.000E+00  0.000E+00  0.000E+00  1.258E-05  0.000E+00
  75  1.217E+04   0.000E+00  0.000E+00  0.000E+00  3.673E-04  0.000E+00  0.000E+00  0.000E+00  0.000E+00  1.346E-05  0.000E+00
  76  1.102E+04   0.000E+00  0.000E+00  0.000E+00  3.949E-04  0.000E+00  0.000E+00  0.000E+00  0.000E+00  1.452E-05  0.000E+00
  77  9.969E+03   0.000E+00  0.000E+00  0.000E+00  4.279E-04  0.000E+00  0.000E+00  0.000E+00  0.000E+00  1.579E-05  0.000E+00
  78  9.020E+03   0.000E+00  0.000E+00  0.000E+00  4.677E-04  0.000E+00  0.000E+00  0.000E+00  0.000E+00  1.735E-05  0.000E+00
  79  8.164E+03   0.000E+00  0.000E+00  0.000E+00  5.155E-04  0.000E+00  0.000E+00  0.000E+00  0.000E+00  1.923E-05  0.000E+00
  80  7.385E+03   0.000E+00  0.000E+00  0.000E+00  5.721E-04  0.000E+00  0.000E+00  0.000E+00  0.000E+00  2.147E-05  0.000E+00
  81  6.685E+03   0.000E+00  0.000E+00  0.000E+00  6.384E-04  0.000E+00  0.000E+00  0.000E+00  0.000E+00  2.410E-05  0.000E+00
  82  6.047E+03   0.000E+00  0.000E+00  0.000E+00  7.146E-04  0.000E+00  0.000E+00  0.000E+00  0.000E+00  2.715E-05  0.000E+00
  83  5.474E+03   0.000E+00  0.000E+00  0.000E+00  8.014E-04  0.000E+00  0.000E+00  0.000E+00  0.000E+00  3.063E-05  0.000E+00
  84  4.951E+03   0.000E+00  0.000E+00  0.000E+00  8.987E-04  0.000E+00  0.000E+00  0.000E+00  0.000E+00  3.454E-05  0.000E+00
  85  4.481E+03   0.000E+00  0.000E+00  0.000E+00  1.006E-03  0.000E+00  0.000E+00  0.000E+00  0.000E+00  3.887E-05  0.000E+00
  86  4.055E+03   0.000E+00  0.000E+00  0.000E+00  1.123E-03  0.000E+00  0.000E+00  0.000E+00  0.000E+00  4.363E-05  0.000E+00
  87  3.667E+03   0.000E+00  0.000E+00  0.000E+00  1.250E-03  0.000E+00  0.000E+00  0.000E+00  0.000E+00  4.875E-05  0.000E+00
  88  3.316E+03   0.000E+00  0.000E+00  0.000E+00  1.384E-03  0.000E+00  0.000E+00  0.000E+00  0.000E+00  5.421E-05  0.000E+00
  89  3.001E+03   0.000E+00  0.000E+00  0.000E+00  1.525E-03  0.000E+00  0.000E+00  0.000E+00  0.000E+00  5.995E-05  0.000E+00
  90  2.716E+03   0.000E+00  0.000E+00  0.000E+00  1.671E-03  0.000E+00  0.000E+00  0.000E+00  0.000E+00  6.592E-05  0.000E+00
  91  2.457E+03   0.000E+00  0.000E+00  0.000E+00  1.821E-03  0.000E+00  0.000E+00  0.000E+00  0.000E+00  7.206E-05  0.000E+00
  92  2.222E+03   0.000E+00  0.000E+00  0.000E+00  1.974E-03  0.000E+00  0.000E+00  0.000E+00  0.000E+00  7.830E-05  0.000E+00
  93  2.011E+03   0.000E+00  0.000E+00  0.000E+00  2.126E-03  0.000E+00  0.000E+00  0.000E+00  0.000E+00  8.455E-05  0.000E+00
  94  1.819E+03   0.000E+00  0.000E+00  0.000E+00  2.279E-03  0.000E+00  0.000E+00  0.000E+00  0.000E+00  9.082E-05  0.000E+00
  95  1.646E+03   0.000E+00  0.000E+00  0.000E+00  2.429E-03  0.000E+00  0.000E+00  0.000E+00  0.000E+00  9.700E-05  0.000E+00
  96  1.489E+03   0.000E+00  0.000E+00  0.000E+00  2.577E-03  0.000E+00  0.000E+00  0.000E+00  0.000E+00  1.031E-04  0.000E+00
  97  1.347E+03   0.000E+00  0.000E+00  0.000E+00  2.720E-03  0.000E+00  0.000E+00  0.000E+00  0.000E+00  1.090E-04  0.000E+00
  98  1.219E+03   0.000E+00  0.000E+00  0.000E+00  2.859E-03  0.000E+00  0.000E+00  0.000E+00  0.000E+00  1.147E-04  0.000E+00
  99  1.102E+03   0.000E+00  0.000E+00  0.000E+00  2.993E-03  0.000E+00  0.000E+00  0.000E+00  0.000E+00  1.202E-04  0.000E+00
 100  9.972E+02   0.000E+00  0.000E+00  0.000E+00  3.122E-03  0.000E+00  0.000E+00  0.000E+00  0.000E+00  1.255E-04  0.000E+00
 101  9.018E+02   0.000E+00  0.000E+00  0.000E+00  3.246E-03  0.000E+00  0.000E+00  0.000E+00  0.000E+00  1.306E-04  0.000E+00
 102  8.161E+02   0.000E+00  0.000E+00  0.000E+00  3.365E-03  0.000E+00  0.000E+00  0.000E+00  0.000E+00  1.355E-04  0.000E+00
 103  7.384E+02   0.000E+00  0.000E+00  0.000E+00  3.479E-03  0.000E+00  0.000E+00  0.000E+00  0.000E+00  1.402E-04  0.000E+00
 104  6.676E+02   0.000E+00  0.000E+00  0.000E+00  3.589E-03  0.000E+00  0.000E+00  0.000E+00  0.000E+00  1.448E-04  0.000E+00
 105  6.038E+02   0.000E+00  0.000E+00  0.000E+00  3.696E-03  0.000E+00  0.000E+00  0.000E+00  0.000E+00  1.492E-04  0.000E+00
 106  5.463E+02   0.000E+00  0.000E+00  0.000E+00  3.801E-03  0.000E+00  0.000E+00  0.000E+00  0.000E+00  1.535E-04  0.000E+00
 107  4.941E+02   0.000E+00  0.000E+00  0.000E+00  3.903E-03  0.000E+00  0.000E+00  0.000E+00  0.000E+00  1.578E-04  0.000E+00
 108  4.470E+02   0.000E+00  0.000E+00  0.000E+00  4.004E-03  0.000E+00  0.000E+00  0.000E+00  0.000E+00  1.619E-04  0.000E+00
 109  4.044E+02   0.000E+00  0.000E+00  0.000E+00  4.104E-03  0.000E+00  0.000E+00  0.000E+00  0.000E+00  1.661E-04  0.000E+00
 110  3.656E+02   0.000E+00  0.000E+00  0.000E+00  4.204E-03  0.000E+00  0.000E+00  0.000E+00  0.000E+00  1.703E-04  0.000E+00
 111  3.308E+02   0.000E+00  0.000E+00  0.000E+00  4.305E-03  0.000E+00  0.000E+00  0.000E+00  0.000E+00  1.745E-04  0.000E+00
 112  2.991E+02   0.000E+00  0.000E+00  0.000E+00  4.406E-03  0.000E+00  0.000E+00  0.000E+00  0.000E+00  1.787E-04  0.000E+00
 113  2.705E+02   0.000E+00  0.000E+00  0.000E+00  4.506E-03  0.000E+00  0.000E+00  0.000E+00  0.000E+00  1.829E-04  0.000E+00
 114  2.447E+02   0.000E+00  0.000E+00  0.000E+00  4.608E-03  0.000E+00  0.000E+00  0.000E+00  0.000E+00  1.872E-04  0.000E+00
 115  2.213E+02   0.000E+00  0.000E+00  0.000E+00  4.709E-03  0.000E+00  0.000E+00  0.000E+00  0.000E+00  1.915E-04  0.000E+00
 116  2.001E+02   0.000E+00  0.000E+00  0.000E+00  4.810E-03  0.000E+00  0.000E+00  0.000E+00  0.000E+00  1.958E-04  0.000E+00
 117  1.811E+02   0.000E+00  0.000E+00  0.000E+00  4.910E-03  0.000E+00  0.000E+00  0.000E+00  0.000E+00  2.000E-04  0.000E+00
 118  1.638E+02   0.000E+00  0.000E+00  0.000E+00  5.008E-03  0.000E+00  0.000E+00  0.000E+00  0.000E+00  2.042E-04  0.000E+00
 119  1.482E+02   0.000E+00  0.000E+00  0.000E+00  5.104E-03  0.000E+00  0.000E+00  0.000E+00  0.000E+00  2.083E-04  0.000E+00
 120  1.340E+02   0.000E+00  0.000E+00  0.000E+00  5.197E-03  0.000E+00  0.000E+00  0.000E+00  0.000E+00  2.123E-04  0.000E+00
 121  1.212E+02   0.000E+00  0.000E+00  0.000E+00  5.286E-03  0.000E+00  0.000E+00  0.000E+00  0.000E+00  2.162E-04  0.000E+00
 122  1.096E+02   0.000E+00  0.000E+00  0.000E+00  5.371E-03  0.000E+00  0.000E+00  0.000E+00  0.000E+00  2.198E-04  0.000E+00
 123  9.912E+01   0.000E+00  0.000E+00  0.000E+00  5.451E-03  0.000E+00  0.000E+00  0.000E+00  0.000E+00  2.233E-04  0.000E+00
 124  8.963E+01   0.000E+00  0.000E+00  0.000E+00  5.527E-03  0.000E+00  0.000E+00  0.000E+00  0.000E+00  2.266E-04  0.000E+00
 125  8.112E+01   0.000E+00  0.000E+00  0.000E+00  5.597E-03  0.000E+00  0.000E+00  0.000E+00  0.000E+00  2.297E-04  0.000E+00
 126  7.338E+01   0.000E+00  0.000E+00  0.000E+00  5.663E-03  0.000E+00  0.000E+00  0.000E+00  0.000E+00  2.325E-04  0.000E+00
 127  6.637E+01   0.000E+00  0.000E+00  0.000E+00  5.724E-03  0.000E+00  0.000E+00  0.000E+00  0.000E+00  2.352E-04  0.000E+00
 128  6.001E+01   0.000E+00  0.000E+00  0.000E+00  5.781E-03  0.000E+00  0.000E+00  0.000E+00  0.000E+00  2.378E-04  0.000E+00
 129  5.430E+01   0.000E+00  0.000E+00  0.000E+00  5.835E-03  0.000E+00  0.000E+00  0.000E+00  0.000E+00  2.401E-04  0.000E+00
 130  4.908E+01   0.000E+00  0.000E+00  0.000E+00  5.887E-03  0.000E+00  0.000E+00  0.000E+00  0.000E+00  2.424E-04  0.000E+00
 131  4.441E+01   0.000E+00  0.000E+00  0.000E+00  5.937E-03  0.000E+00  0.000E+00  0.000E+00  0.000E+00  2.446E-04  0.000E+00
 132  4.019E+01   0.000E+00  0.000E+00  0.000E+00  5.987E-03  0.000E+00  0.000E+00  0.000E+00  0.000E+00  2.468E-04  0.000E+00
 133  3.635E+01   0.000E+00  0.000E+00  0.000E+00  6.037E-03  0.000E+00  0.000E+00  0.000E+00  0.000E+00  2.490E-04  0.000E+00
 134  3.288E+01   0.000E+00  0.000E+00  0.000E+00  6.088E-03  0.000E+00  0.000E+00  0.000E+00  0.000E+00  2.513E-04  0.000E+00
 135  2.974E+01   0.000E+00  0.000E+00  0.000E+00  6.140E-03  0.000E+00  0.000E+00  0.000E+00  0.000E+00  2.535E-04  0.000E+00
 136  2.692E+01   0.000E+00  0.000E+00  0.000E+00  6.194E-03  0.000E+00  0.000E+00  0.000E+00  0.000E+00  2.559E-04  0.000E+00
 137  2.433E+01   0.000E+00  0.000E+00  0.000E+00  6.249E-03  0.000E+00  0.000E+00  0.000E+00  0.000E+00  2.583E-04  0.000E+00
 138  1.752E+01   0.000E+00  1.235E-33  0.000E+00  6.440E-03  0.000E+00  0.000E+00  0.000E+00  0.000E+00  2.665E-04  0.000E+00
 139  1.251E+01   0.000E+00  3.246E-27  0.000E+00  6.633E-03  0.000E+00  0.000E+00  0.000E+00  0.000E+00  2.749E-04  0.000E+00
 140  8.952E+00   4.821E-33  5.692E-22  0.000E+00  6.810E-03  1.597E-31  0.000E+00  0.000E+00  0.000E+00  2.825E-04  0.000E+00
 141  6.407E+00   2.749E-26  3.854E-18  0.000E+00  6.962E-03  8.604E-25  0.000E+00  0.000E+00  0.000E+00  2.890E-04  0.000E+00
 142  4.584E+00   4.557E-21  1.135E-14  0.000E+00  7.109E-03  8.994E-20  0.000E+00  0.000E+00  0.000E+00  2.955E-04  0.000E+00
 143  3.283E+00   9.016E-17  6.637E-12  0.000E+00  7.293E-03  1.477E-15  0.000E+00  0.000E+00  0.000E+00  3.038E-04  0.000E+00
 144  2.351E+00   4.777E-13  4.868E-10  0.000E+00  7.536E-03  6.244E-12  0.000E+00  0.000E+00  0.000E+00  3.151E-04  0.000E+00
 145  1.684E+00   3.340E-10  1.940E-08  0.000E+00  7.869E-03  3.105E-09  0.000E+00  0.000E+00  0.000E+00  3.307E-04  0.000E+00
 146  1.207E+00   2.533E-08  7.524E-07  0.000E+00  8.308E-03  2.015E-07  2.722E-33  0.000E+00  0.000E+00  3.517E-04  8.845E-34
 147  8.644E-01   3.576E-07  9.138E-06  0.000E+00  8.835E-03  2.652E-06  1.144E-27  0.000E+00  0.000E+00  3.784E-04  3.719E-28
 148  6.189E-01   1.768E-06  4.051E-05  0.000E+00  9.411E-03  1.207E-05  3.558E-23  0.000E+00  0.000E+00  4.106E-04  1.156E-23
 149  4.433E-01   4.466E-06  8.789E-05  0.000E+00  9.886E-03  2.651E-05  1.821E-19  3.287E-37  3.287E-37  4.398E-04  5.919E-20
 150  3.176E-01   7.928E-06  1.290E-04  0.000E+00  1.017E-02  3.926E-05  6.816E-16  4.387E-31  4.387E-31  4.590E-04  2.215E-16
 151  2.273E-01   1.159E-05  1.564E-04  0.000E+00  1.030E-02  4.799E-05  3.668E-13  2.997E-26  2.997E-26  4.688E-04  1.192E-13
 152  1.626E-01   1.512E-05  1.749E-04  2.466E-37  1.035E-02  5.404E-05  3.179E-11  1.795E-22  1.795E-22  4.736E-04  1.033E-11
 153  1.163E-01   1.852E-05  1.897E-04  2.563E-31  1.038E-02  5.900E-05  7.977E-10  1.757E-18  1.757E-18  4.767E-04  2.593E-10
 154  8.334E-02   2.206E-05  2.029E-04  2.631E-26  1.040E-02  6.354E-05  7.898E-09  2.877E-15  2.877E-15  4.793E-04  2.567E-09
 155  5.961E-02   2.735E-05  2.171E-04  2.609E-22  1.042E-02  6.878E-05  4.170E-08  6.911E-13  6.911E-13  4.821E-04  1.356E-08
 156  4.263E-02   3.710E-05  2.357E-04  2.288E-18  1.044E-02  7.635E-05  1.370E-07  3.776E-11  3.776E-11  4.859E-04  4.471E-08
 157  3.049E-02   5.429E-05  2.617E-04  3.293E-15  1.048E-02  8.766E-05  3.234E-07  7.373E-10  7.373E-10  4.915E-04  1.099E-07
 158  2.183E-02   8.428E-05  2.957E-04  6.202E-13  1.053E-02  1.031E-04  6.177E-07  7.155E-09  7.155E-09  4.988E-04  2.575E-07
 159  1.562E-02   1.471E-04  3.371E-04  2.807E-11  1.059E-02  1.232E-04  1.075E-06  4.677E-08  4.677E-08  5.082E-04  7.451E-07
 160  1.119E-02   2.811E-04  3.830E-04  4.023E-10  1.065E-02  1.495E-04  1.827E-06  2.307E-07  2.307E-07  5.198E-04  2.424E-06
 161  8.025E-03   5.571E-04  4.352E-04  2.876E-09  1.073E-02  1.927E-04  3.350E-06  1.003E-06  1.003E-06  5.382E-04  8.152E-06
 162  5.761E-03   1.029E-03  4.890E-04  1.134E-08  1.081E-02  2.744E-04  6.614E-06  3.518E-06  3.518E-06  5.728E-04  2.455E-05
 163  4.146E-03   1.802E-03  5.447E-04  3.147E-08  1.093E-02  4.513E-04  1.403E-05  1.049E-05  1.049E-05  6.486E-04  6.704E-05
 164  2.991E-03   2.913E-03  5.972E-04  6.564E-08  1.110E-02  7.880E-04  2.834E-05  2.515E-05  2.515E-05  7.942E-04  1.535E-04
 165  2.166E-03   4.377E-03  6.448E-04  1.125E-07  1.131E-02  1.334E-03  5.160E-05  4.989E-05  4.989E-05  1.031E-03  2.971E-04
 166  1.575E-03   6.121E-03  6.862E-04  1.666E-07  1.156E-02  2.085E-03  8.355E-05  8.453E-05  8.453E-05  1.358E-03  4.963E-04
 167  1.148E-03   8.024E-03  7.211E-04  2.211E-07  1.183E-02  2.991E-03  1.220E-04  1.267E-04  1.267E-04  1.753E-03  7.375E-04
 168  8.405E-04   9.993E-03  7.502E-04  2.713E-07  1.211E-02  3.994E-03  1.644E-04  1.736E-04  1.736E-04  2.191E-03  1.005E-03
 169  6.172E-04   1.183E-02  7.732E-04  3.119E-07  1.237E-02  4.979E-03  2.059E-04  2.199E-04  2.199E-04  2.621E-03  1.267E-03
 170  4.549E-04   1.354E-02  7.919E-04  3.437E-07  1.260E-02  5.922E-03  2.456E-04  2.642E-04  2.642E-04  3.033E-03  1.519E-03
 171  3.363E-04   1.502E-02  8.066E-04  3.667E-07  1.281E-02  6.767E-03  2.811E-04  3.040E-04  3.040E-04  3.403E-03  1.744E-03
 172  2.493E-04   1.629E-02  8.182E-04  3.830E-07  1.298E-02  7.506E-03  3.121E-04  3.389E-04  3.389E-04  3.726E-03  1.941E-03
 173  1.851E-04   1.732E-02  8.271E-04  3.938E-07  1.312E-02  8.116E-03  3.376E-04  3.677E-04  3.677E-04  3.993E-03  2.103E-03
 174  1.379E-04   1.816E-02  8.339E-04  4.011E-07  1.323E-02  8.617E-03  3.586E-04  3.914E-04  3.914E-04  4.213E-03  2.236E-03
 175  1.028E-04   1.881E-02  8.390E-04  4.058E-07  1.332E-02  9.006E-03  3.748E-04  4.097E-04  4.097E-04  4.383E-03  2.340E-03
 176  7.686E-05   1.929E-02  8.428E-04  4.088E-07  1.339E-02  9.300E-03  3.870E-04  4.237E-04  4.237E-04  4.512E-03  2.418E-03
 177  5.758E-05   1.965E-02  8.454E-04  4.107E-07  1.343E-02  9.524E-03  3.962E-04  4.344E-04  4.344E-04  4.613E-03  2.477E-03
 178  4.334E-05   1.993E-02  8.472E-04  4.118E-07  1.346E-02  9.705E-03  4.031E-04  4.434E-04  4.434E-04  4.698E-03  2.524E-03
 179  3.288E-05   2.014E-02  8.483E-04  4.125E-07  1.348E-02  9.850E-03  4.081E-04  4.510E-04  4.510E-04  4.770E-03  2.561E-03
 180  2.533E-05   2.035E-02  8.488E-04  4.128E-07  1.349E-02  9.949E-03  4.112E-04  4.565E-04  4.565E-04  4.824E-03  2.586E-03
 181  2.005E-05   2.075E-02  8.489E-04  4.129E-07  1.349E-02  1.000E-02  4.126E-04  4.594E-04  4.594E-04  4.853E-03  2.598E-03
 182  1.608E-05   2.123E-02  8.489E-04  4.129E-07  1.349E-02  1.002E-02  4.130E-04  4.604E-04  4.604E-04  4.863E-03  2.602E-03
 183  1.143E-05   2.130E-02  8.489E-04  4.129E-07  1.349E-02  1.002E-02  4.130E-04  4.604E-04  4.604E-04  4.863E-03  2.602E-03
 184  8.110E-06   2.130E-02  8.489E-04  4.129E-07  1.349E-02  1.002E-02  4.130E-04  4.604E-04  4.604E-04  4.863E-03  2.602E-03
 185  5.728E-06   2.130E-02  8.489E-04  4.129E-07  1.349E-02  1.002E-02  4.130E-04  4.604E-04  4.604E-04  4.863E-03  2.602E-03
 186  4.039E-06   2.130E-02  8.489E-04  4.129E-07  1.349E-02  1.002E-02  4.130E-04  4.604E-04  4.604E-04  4.863E-03  2.602E-03
 187  2.848E-06   2.130E-02  8.489E-04  4.129E-07  1.349E-02  1.002E-02  4.130E-04  4.604E-04  4.604E-04  4.863E-03  2.602E-03
 188  2.011E-06   2.130E-02  8.489E-04  4.129E-07  1.349E-02  1.002E-02  4.130E-04  4.604E-04  4.604E-04  4.863E-03  2.602E-03
 189  1.422E-06   2.130E-02  8.489E-04  4.129E-07  1.349E-02  1.002E-02  4.130E-04  4.604E-04  4.604E-04  4.863E-03  2.602E-03
 190  1.008E-06   2.130E-02  8.489E-04  4.129E-07  1.349E-02  1.002E-02  4.130E-04  4.604E-04  4.604E-04  4.863E-03  2.602E-03
 191  7.152E-07   2.130E-02  8.489E-04  4.129E-07  1.349E-02  1.002E-02  4.130E-04  4.604E-04  4.604E-04  4.863E-03  2.602E-03
 192  5.089E-07   2.130E-02  8.489E-04  4.129E-07  1.349E-02  1.002E-02  4.130E-04  4.604E-04  4.604E-04  4.863E-03  2.602E-03
 193  3.620E-07   2.130E-02  8.489E-04  4.129E-07  1.349E-02  1.002E-02  4.130E-04  4.604E-04  4.604E-04  4.863E-03  2.602E-03
 194  2.579E-07   2.130E-02  8.489E-04  4.129E-07  1.349E-02  1.002E-02  4.130E-04  4.604E-04  4.604E-04  4.863E-03  2.602E-03
 195  1.839E-07   2.130E-02  8.489E-04  4.129E-07  1.349E-02  1.002E-02  4.130E-04  4.604E-04  4.604E-04  4.863E-03  2.602E-03
 196  1.311E-07   2.130E-02  8.489E-04  4.129E-07  1.349E-02  1.002E-02  4.130E-04  4.604E-04  4.604E-04  4.863E-03  2.602E-03
 197  9.351E-08   2.130E-02  8.489E-04  4.129E-07  1.349E-02  1.002E-02  4.130E-04  4.604E-04  4.604E-04  4.863E-03  2.602E-03
 198  6.679E-08   2.130E-02  8.489E-04  4.129E-07  1.349E-02  1.002E-02  4.130E-04  4.604E-04  4.604E-04  4.863E-03  2.602E-03