 Level  PRESSURE   K121    K122    K123    K124    K125    K126    K127    K128    K129    K130
   1  1.672E+06   0.000E+00  0.000E+00  0.000E+00  0.000E+00  0.000E+00  0.000E+00  0.000E+00  0.000E+00  0.000E+00  0.000E+00
   2  1.617E+06   0.000E+00  0.000E+00  0.000E+00  0.000E+00  0.000E+00  0.000E+00  0.000E+00  0.000E+00  0.000E+00  0.000E+00
   3  1.564E+06   0.000E+00  0.000E+00  0.000E+00  0.000E+00  0.000E+00  0.000E+00  0.000E+00  0.000E+00  0.000E+00  0.000E+00
   4  1.512E+06   0.000E+00  0.000E+00  0.000E+00  0.000E+00  0.000E+00  0.000E+00  0.000E+00  0.000E+00  0.000E+00  0.000E+00
   5  1.462E+06   0.000E+00  0.000E+00  0.000E+00  0.000E+00  0.000E+00  0.000E+00  0.000E+00  0.000E+00  0.000E+00  0.000E+00
   6  1.414E+06   0.000E+00  0.000E+00  0.000E+00  0.000E+00  0.000E+00  0.000E+00  0.000E+00  0.000E+00  0.000E+00  0.000E+00
   7  1.368E+06   0.000E+00  0.000E+00  0.000E+00  0.000E+00  0.000E+00  0.000E+00  0.000E+00  0.000E+00  0.000E+00  0.000E+00
   8  1.323E+06   0.000E+00  0.000E+00  0.000E+00  0.000E+00  0.000E+00  0.000E+00  0.000E+00  0.000E+00  0.000E+00  0.000E+00
   9  1.280E+06   0.000E+00  0.000E+00  0.000E+00  0.000E+00  0.000E+00  0.000E+00  0.000E+00  0.000E+00  0.000E+00  0.000E+00
  10  1.237E+06   0.000E+00  0.000E+00  0.000E+00  0.000E+00  0.000E+00  0.000E+00  0.000E+00  0.000E+00  0.000E+00  0.000E+00
  11  1.176E+06   0.000E+00  0.000E+00  0.000E+00  0.000E+00  0.000E+00  0.000E+00  0.000E+00  0.000E+00  0.000E+00  0.000E+00
  12  1.118E+06   0.000E+00  0.000E+00  0.000E+00  0.000E+00  0.000E+00  0.000E+00  0.000E+00  0.000E+00  2.246E-36  0.000E+00
  13  1.064E+06   0.000E+00  0.000E+00  0.000E+00  0.000E+00  0.000E+00  0.000E+00  0.000E+00  0.000E+00  6.286E-34  0.000E+00
  14  1.011E+06   0.000E+00  0.000E+00  0.000E+00  0.000E+00  0.000E+00  0.000E+00  0.000E+00  0.000E+00  1.099E-31  0.000E+00
  15  9.616E+05   0.000E+00  0.000E+00  0.000E+00  0.000E+00  0.000E+00  4.437E-37  0.000E+00  0.000E+00  6.762E-30  0.000E+00
  16  9.148E+05   0.000E+00  0.000E+00  0.000E+00  0.000E+00  0.000E+00  1.141E-34  0.000E+00  0.000E+00  9.165E-28  3.968E-38
  17  8.697E+05   0.000E+00  0.000E+00  0.000E+00  0.000E+00  0.000E+00  9.457E-33  0.000E+00  0.000E+00  6.144E-26  3.289E-36
  18  8.272E+05   0.000E+00  0.000E+00  0.000E+00  0.000E+00  0.000E+00  8.056E-31  0.000E+00  0.000E+00  2.342E-24  2.802E-34
  19  7.866E+05   0.000E+00  0.000E+00  0.000E+00  0.000E+00  0.000E+00  8.465E-29  0.000E+00  0.000E+00  1.038E-22  2.944E-32
  20  7.480E+05   0.000E+00  0.000E+00  0.000E+00  0.000E+00  0.000E+00  5.006E-27  0.000E+00  0.000E+00  3.773E-21  1.741E-30
  21  7.112E+05   0.000E+00  0.000E+00  0.000E+00  0.000E+00  0.000E+00  1.467E-25  0.000E+00  0.000E+00  8.652E-20  5.104E-29
  22  6.763E+05   0.000E+00  0.000E+00  0.000E+00  0.000E+00  0.000E+00  7.500E-24  0.000E+00  0.000E+00  1.404E-18  2.608E-27
  23  6.433E+05   0.000E+00  0.000E+00  0.000E+00  0.000E+00  0.000E+00  2.209E-22  0.000E+00  0.000E+00  2.413E-17  7.684E-26
  24  6.117E+05   0.000E+00  0.000E+00  0.000E+00  0.000E+00  0.000E+00  3.438E-21  0.000E+00  0.000E+00  2.885E-16  1.196E-24
  25  5.818E+05   0.000E+00  0.000E+00  0.000E+00  0.000E+00  0.000E+00  7.057E-20  0.000E+00  0.000E+00  2.386E-15  2.454E-23
  26  5.533E+05   0.000E+00  0.000E+00  0.000E+00  0.000E+00  0.000E+00  1.155E-18  0.000E+00  0.000E+00  2.153E-14  4.017E-22
  27  5.259E+05   0.000E+00  0.000E+00  0.000E+00  0.000E+00  0.000E+00  1.083E-17  0.000E+00  0.000E+00  1.418E-13  3.768E-21
  28  5.001E+05   0.000E+00  0.000E+00  0.000E+00  0.000E+00  0.000E+00  1.112E-16  0.000E+00  0.000E+00  8.372E-13  3.866E-20
  29  4.756E+05   0.000E+00  0.000E+00  0.000E+00  0.000E+00  0.000E+00  9.631E-16  0.000E+00  0.000E+00  3.914E-12  3.350E-19
  30  4.523E+05   0.000E+00  0.000E+00  0.000E+00  0.000E+00  0.000E+00  6.394E-15  0.000E+00  0.000E+00  1.774E-11  2.224E-18
  31  4.302E+05   0.000E+00  0.000E+00  0.000E+00  0.000E+00  0.000E+00  3.426E-14  0.000E+00  0.000E+00  7.073E-11  1.191E-17
  32  4.092E+05   0.000E+00  0.000E+00  0.000E+00  0.000E+00  0.000E+00  1.745E-13  0.000E+00  0.000E+00  2.321E-10  6.070E-17
  33  3.891E+05   0.000E+00  0.000E+00  0.000E+00  0.000E+00  0.000E+00  8.047E-13  0.000E+00  0.000E+00  8.164E-10  2.799E-16
  34  3.701E+05   0.000E+00  0.000E+00  0.000E+00  0.000E+00  0.000E+00  2.825E-12  0.000E+00  0.000E+00  2.429E-09  9.824E-16
  35  3.520E+05   0.000E+00  0.000E+00  0.000E+00  0.000E+00  0.000E+00  1.004E-11  0.000E+00  0.000E+00  6.744E-09  3.491E-15
  36  3.346E+05   0.000E+00  0.000E+00  0.000E+00  0.000E+00  0.000E+00  3.157E-11  0.000E+00  0.000E+00  1.779E-08  1.098E-14
  37  3.184E+05   0.000E+00  0.000E+00  0.000E+00  0.000E+00  0.000E+00  8.844E-11  0.000E+00  0.000E+00  4.445E-08  3.076E-14
  38  3.028E+05   0.000E+00  0.000E+00  0.000E+00  0.000E+00  0.000E+00  2.367E-10  0.000E+00  0.000E+00  1.049E-07  8.233E-14
  39  2.879E+05   0.000E+00  0.000E+00  0.000E+00  0.000E+00  0.000E+00  5.997E-10  0.000E+00  0.000E+00  2.352E-07  2.086E-13
  40  2.738E+05   0.000E+00  0.000E+00  0.000E+00  0.000E+00  0.000E+00  1.314E-09  0.000E+00  0.000E+00  4.737E-07  4.569E-13
  41  2.603E+05   0.000E+00  0.000E+00  0.000E+00  0.000E+00  0.000E+00  2.865E-09  0.000E+00  0.000E+00  9.638E-07  9.963E-13
  42  2.478E+05   0.000E+00  0.000E+00  0.000E+00  0.000E+00  0.000E+00  5.797E-09  0.000E+00  0.000E+00  1.780E-06  2.016E-12
  43  2.356E+05   0.000E+00  0.000E+00  0.000E+00  0.000E+00  0.000E+00  1.098E-08  0.000E+00  0.000E+00  3.161E-06  3.819E-12
  44  2.240E+05   0.000E+00  0.000E+00  0.000E+00  0.000E+00  0.000E+00  1.970E-08  0.000E+00  0.000E+00  5.397E-06  6.853E-12
  45  2.131E+05   0.000E+00  0.000E+00  0.000E+00  0.000E+00  0.000E+00  3.599E-08  0.000E+00  0.000E+00  9.225E-06  1.252E-11
  46  2.026E+05   0.000E+00  0.000E+00  0.000E+00  0.000E+00  0.000E+00  5.800E-08  0.000E+00  0.000E+00  1.411E-05  2.017E-11
  47  1.928E+05   0.000E+00  0.000E+00  0.000E+00  0.000E+00  0.000E+00  9.289E-08  0.000E+00  0.000E+00  2.166E-05  3.231E-11
  48  1.833E+05   0.000E+00  0.000E+00  0.000E+00  0.000E+00  0.000E+00  1.449E-07  0.000E+00  0.000E+00  3.226E-05  5.039E-11
  49  1.638E+05   0.000E+00  0.000E+00  0.000E+00  0.000E+00  0.000E+00  3.385E-07  0.000E+00  0.000E+00  6.962E-05  1.177E-10
  50  1.481E+05   0.000E+00  0.000E+00  0.000E+00  0.000E+00  0.000E+00  6.620E-07  0.000E+00  0.000E+00  1.304E-04  2.302E-10
  51  1.340E+05   0.000E+00  0.000E+00  0.000E+00  0.000E+00  0.000E+00  1.167E-06  0.000E+00  0.000E+00  2.256E-04  4.057E-10
  52  1.213E+05   0.000E+00  0.000E+00  0.000E+00  0.000E+00  0.000E+00  1.914E-06  0.000E+00  0.000E+00  3.738E-04  6.656E-10
  53  1.097E+05   0.000E+00  0.000E+00  0.000E+00  0.000E+00  0.000E+00  2.920E-06  0.000E+00  0.000E+00  5.865E-04  1.015E-09
  54  9.927E+04   0.000E+00  0.000E+00  0.000E+00  0.000E+00  0.000E+00  4.315E-06  0.000E+00  0.000E+00  9.066E-04  1.501E-09
  55  8.982E+04   0.000E+00  0.000E+00  0.000E+00  0.000E+00  0.000E+00  6.089E-06  0.000E+00  0.000E+00  1.357E-03  2.118E-09
  56  8.125E+04   0.000E+00  0.000E+00  0.000E+00  0.000E+00  0.000E+00  8.274E-06  0.000E+00  0.000E+00  1.970E-03  2.878E-09
  57  7.353E+04   0.000E+00  0.000E+00  0.000E+00  0.000E+00  0.000E+00  1.074E-05  0.000E+00  0.000E+00  2.747E-03  3.734E-09
  58  6.652E+04   0.000E+00  0.000E+00  0.000E+00  0.000E+00  0.000E+00  1.366E-05  0.000E+00  0.000E+00  3.792E-03  4.752E-09
  59  6.020E+04   0.000E+00  0.000E+00  0.000E+00  0.000E+00  0.000E+00  1.695E-05  0.000E+00  0.000E+00  5.129E-03  5.894E-09
  60  5.446E+04   0.000E+00  0.000E+00  0.000E+00  0.000E+00  0.000E+00  2.038E-05  0.000E+00  0.000E+00  6.735E-03  7.087E-09
  61  4.926E+04   0.000E+00  0.000E+00  0.000E+00  0.000E+00  0.000E+00  2.412E-05  0.000E+00  0.000E+00  8.747E-03  8.389E-09
  62  4.460E+04   0.000E+00  0.000E+00  0.000E+00  0.000E+00  0.000E+00  2.805E-05  0.000E+00  0.000E+00  1.119E-02  9.754E-09
  63  4.036E+04   0.000E+00  0.000E+00  0.000E+00  0.000E+00  0.000E+00  3.208E-05  0.000E+00  0.000E+00  1.411E-02  1.116E-08
  64  3.651E+04   0.000E+00  0.000E+00  0.000E+00  0.000E+00  0.000E+00  3.621E-05  0.000E+00  0.000E+00  1.761E-02  1.259E-08
  65  3.303E+04   0.000E+00  0.000E+00  0.000E+00  0.000E+00  0.000E+00  4.037E-05  0.000E+00  0.000E+00  2.176E-02  1.404E-08
  66  2.991E+04   0.000E+00  0.000E+00  0.000E+00  0.000E+00  0.000E+00  4.453E-05  0.000E+00  0.000E+00  2.665E-02  1.549E-08
  67  2.704E+04   0.000E+00  0.000E+00  0.000E+00  0.000E+00  0.000E+00  4.866E-05  0.000E+00  0.000E+00  3.237E-02  1.693E-08
  68  2.448E+04   0.000E+00  0.000E+00  0.000E+00  0.000E+00  0.000E+00  5.271E-05  0.000E+00  0.000E+00  3.894E-02  1.834E-08
  69  2.215E+04   0.000E+00  0.000E+00  0.000E+00  0.000E+00  0.000E+00  5.665E-05  0.000E+00  0.000E+00  4.638E-02  1.973E-08
  70  2.004E+04   0.000E+00  0.000E+00  0.000E+00  0.000E+00  0.000E+00  6.045E-05  0.000E+00  0.000E+00  5.464E-02  2.109E-08
  71  1.815E+04   0.000E+00  0.000E+00  0.000E+00  0.000E+00  0.000E+00  6.414E-05  0.000E+00  0.000E+00  6.374E-02  2.245E-08
  72  1.642E+04   0.000E+00  0.000E+00  0.000E+00  0.000E+00  0.000E+00  6.772E-05  0.000E+00  0.000E+00  7.361E-02  2.384E-08
  73  1.487E+04   0.000E+00  0.000E+00  0.000E+00  0.000E+00  0.000E+00  7.125E-05  0.000E+00  0.000E+00  8.423E-02  2.535E-08
  74  1.346E+04   0.000E+00  0.000E+00  0.000E+00  0.000E+00  0.000E+00  7.484E-05  0.000E+00  0.000E+00  9.554E-02  2.707E-08
  75  1.217E+04   0.000E+00  0.000E+00  0.000E+00  0.000E+00  0.000E+00  7.856E-05  0.000E+00  0.000E+00  1.073E-01  2.911E-08
  76  1.102E+04   0.000E+00  0.000E+00  0.000E+00  0.000E+00  0.000E+00  8.263E-05  0.000E+00  0.000E+00  1.196E-01  3.164E-08
  77  9.969E+03   0.000E+00  0.000E+00  0.000E+00  0.000E+00  0.000E+00  8.728E-05  0.000E+00  0.000E+00  1.321E-01  3.477E-08
  78  9.020E+03   0.000E+00  0.000E+00  0.000E+00  0.000E+00  0.000E+00  9.291E-05  0.000E+00  0.000E+00  1.449E-01  3.866E-08
  79  8.164E+03   0.000E+00  0.000E+00  0.000E+00  0.000E+00  0.000E+00  1.000E-04  0.000E+00  0.000E+00  1.578E-01  4.343E-08
  80  7.385E+03   0.000E+00  0.000E+00  0.000E+00  0.000E+00  0.000E+00  1.093E-04  0.000E+00  0.000E+00  1.710E-01  4.920E-08
  81  6.685E+03   0.000E+00  0.000E+00  0.000E+00  0.000E+00  0.000E+00  1.215E-04  0.000E+00  0.000E+00  1.846E-01  5.605E-08
  82  6.047E+03   0.000E+00  0.000E+00  0.000E+00  0.000E+00  0.000E+00  1.376E-04  0.000E+00  0.000E+00  1.985E-01  6.405E-08
  83  5.474E+03   0.000E+00  0.000E+00  0.000E+00  0.000E+00  0.000E+00  1.586E-04  0.000E+00  0.000E+00  2.132E-01  7.328E-08
  84  4.951E+03   0.000E+00  0.000E+00  0.000E+00  0.000E+00  0.000E+00  1.852E-04  0.000E+00  0.000E+00  2.288E-01  8.373E-08
  85  4.481E+03   0.000E+00  0.000E+00  0.000E+00  0.000E+00  0.000E+00  2.180E-04  0.000E+00  0.000E+00  2.454E-01  9.539E-08
  86  4.055E+03   0.000E+00  0.000E+00  0.000E+00  0.000E+00  0.000E+00  2.579E-04  0.000E+00  0.000E+00  2.633E-01  1.083E-07
  87  3.667E+03   0.000E+00  0.000E+00  0.000E+00  0.000E+00  0.000E+00  3.045E-04  0.000E+00  0.000E+00  2.827E-01  1.223E-07
  88  3.316E+03   0.000E+00  0.000E+00  0.000E+00  0.000E+00  0.000E+00  3.580E-04  0.000E+00  0.000E+00  3.036E-01  1.373E-07
  89  3.001E+03   0.000E+00  0.000E+00  0.000E+00  0.000E+00  0.000E+00  4.179E-04  0.000E+00  0.000E+00  3.260E-01  1.531E-07
  90  2.716E+03   0.000E+00  0.000E+00  0.000E+00  0.000E+00  0.000E+00  4.835E-04  0.000E+00  0.000E+00  3.501E-01  1.696E-07
  91  2.457E+03   0.000E+00  0.000E+00  0.000E+00  0.000E+00  0.000E+00  5.540E-04  0.000E+00  0.000E+00  3.757E-01  1.866E-07
  92  2.222E+03   0.000E+00  0.000E+00  0.000E+00  0.000E+00  0.000E+00  6.286E-04  0.000E+00  0.000E+00  4.027E-01  2.040E-07
  93  2.011E+03   0.000E+00  0.000E+00  0.000E+00  0.000E+00  0.000E+00  7.058E-04  0.000E+00  0.000E+00  4.307E-01  2.215E-07
  94  1.819E+03   0.000E+00  0.000E+00  0.000E+00  0.000E+00  0.000E+00  7.853E-04  0.000E+00  0.000E+00  4.598E-01  2.390E-07
  95  1.646E+03   0.000E+00  0.000E+00  0.000E+00  0.000E+00  0.000E+00  8.657E-04  0.000E+00  0.000E+00  4.897E-01  2.564E-07
  96  1.489E+03   0.000E+00  0.000E+00  0.000E+00  0.000E+00  0.000E+00  9.460E-04  0.000E+00  0.000E+00  5.198E-01  2.734E-07
  97  1.347E+03   0.000E+00  0.000E+00  0.000E+00  0.000E+00  0.000E+00  1.026E-03  0.000E+00  0.000E+00  5.500E-01  2.901E-07
  98  1.219E+03   0.000E+00  0.000E+00  0.000E+00  0.000E+00  0.000E+00  1.104E-03  0.000E+00  0.000E+00  5.802E-01  3.062E-07
  99  1.102E+03   0.000E+00  0.000E+00  0.000E+00  0.000E+00  0.000E+00  1.181E-03  0.000E+00  0.000E+00  6.098E-01  3.218E-07
 100  9.972E+02   0.000E+00  0.000E+00  0.000E+00  0.000E+00  0.000E+00  1.255E-03  0.000E+00  0.000E+00  6.389E-01  3.368E-07
 101  9.018E+02   0.000E+00  0.000E+00  0.000E+00  0.000E+00  0.000E+00  1.327E-03  0.000E+00  0.000E+00  6.670E-01  3.513E-07
 102  8.161E+02   0.000E+00  0.000E+00  0.000E+00  0.000E+00  0.000E+00  1.396E-03  0.000E+00  0.000E+00  6.941E-01  3.652E-07
 103  7.384E+02   0.000E+00  0.000E+00  0.000E+00  0.000E+00  0.000E+00  1.463E-03  0.000E+00  0.000E+00  7.201E-01  3.788E-07
 104  6.676E+02   0.000E+00  0.000E+00  0.000E+00  0.000E+00  0.000E+00  1.527E-03  0.000E+00  0.000E+00  7.447E-01  3.920E-07
 105  6.038E+02   0.000E+00  0.000E+00  0.000E+00  0.000E+00  0.000E+00  1.589E-03  0.000E+00  0.000E+00  7.680E-01  4.050E-07
 106  5.463E+02   0.000E+00  0.000E+00  0.000E+00  0.000E+00  0.000E+00  1.648E-03  0.000E+00  0.000E+00  7.900E-01  4.180E-07
 107  4.941E+02   0.000E+00  0.000E+00  0.000E+00  0.000E+00  0.000E+00  1.705E-03  0.000E+00  0.000E+00  8.104E-01  4.311E-07
 108  4.470E+02   0.000E+00  0.000E+00  0.000E+00  0.000E+00  0.000E+00  1.760E-03  0.000E+00  0.000E+00  8.294E-01  4.445E-07
 109  4.044E+02   0.000E+00  0.000E+00  0.000E+00  0.000E+00  0.000E+00  1.812E-03  0.000E+00  0.000E+00  8.470E-01  4.585E-07
 110  3.656E+02   0.000E+00  0.000E+00  0.000E+00  0.000E+00  0.000E+00  1.863E-03  0.000E+00  0.000E+00  8.633E-01  4.731E-07
 111  3.308E+02   0.000E+00  0.000E+00  0.000E+00  0.000E+00  0.000E+00  1.911E-03  0.000E+00  0.000E+00  8.783E-01  4.886E-07
 112  2.991E+02   0.000E+00  0.000E+00  0.000E+00  0.000E+00  0.000E+00  1.958E-03  0.000E+00  0.000E+00  8.920E-01  5.051E-07
 113  2.705E+02   0.000E+00  0.000E+00  0.000E+00  0.000E+00  0.000E+00  2.001E-03  0.000E+00  0.000E+00  9.044E-01  5.225E-07
 114  2.447E+02   0.000E+00  0.000E+00  0.000E+00  0.000E+00  0.000E+00  2.043E-03  0.000E+00  0.000E+00  9.158E-01  5.410E-07
 115  2.213E+02   0.000E+00  0.000E+00  0.000E+00  0.000E+00  0.000E+00  2.082E-03  0.000E+00  0.000E+00  9.261E-01  5.603E-07
 116  2.001E+02   0.000E+00  0.000E+00  0.000E+00  0.000E+00  0.000E+00  2.118E-03  0.000E+00  0.000E+00  9.354E-01  5.805E-07
 117  1.811E+02   0.000E+00  0.000E+00  0.000E+00  0.000E+00  0.000E+00  2.152E-03  0.000E+00  0.000E+00  9.438E-01  6.014E-07
 118  1.638E+02   0.000E+00  0.000E+00  0.000E+00  0.000E+00  0.000E+00  2.183E-03  0.000E+00  0.000E+00  9.514E-01  6.228E-07
 119  1.482E+02   0.000E+00  0.000E+00  0.000E+00  0.000E+00  0.000E+00  2.211E-03  0.000E+00  0.000E+00  9.582E-01  6.445E-07
 120  1.340E+02   0.000E+00  0.000E+00  0.000E+00  0.000E+00  0.000E+00  2.237E-03  0.000E+00  0.000E+00  9.643E-01  6.663E-07
 121  1.212E+02   0.000E+00  0.000E+00  0.000E+00  0.000E+00  0.000E+00  2.260E-03  0.000E+00  0.000E+00  9.698E-01  6.879E-07
 122  1.096E+02   0.000E+00  0.000E+00  0.000E+00  0.000E+00  0.000E+00  2.280E-03  0.000E+00  0.000E+00  9.747E-01  7.091E-07
 123  9.912E+01   0.000E+00  0.000E+00  0.000E+00  0.000E+00  0.000E+00  2.298E-03  0.000E+00  0.000E+00  9.791E-01  7.299E-07
 124  8.963E+01   0.000E+00  0.000E+00  0.000E+00  0.000E+00  0.000E+00  2.313E-03  0.000E+00  0.000E+00  9.830E-01  7.501E-07
 125  8.112E+01   0.000E+00  0.000E+00  0.000E+00  0.000E+00  0.000E+00  2.325E-03  0.000E+00  0.000E+00  9.864E-01  7.696E-07
 126  7.338E+01   0.000E+00  0.000E+00  0.000E+00  0.000E+00  0.000E+00  2.336E-03  0.000E+00  0.000E+00  9.895E-01  7.887E-07
 127  6.637E+01   0.000E+00  0.000E+00  0.000E+00  0.000E+00  0.000E+00  2.344E-03  0.000E+00  0.000E+00  9.922E-01  8.074E-07
 128  6.001E+01   0.000E+00  0.000E+00  0.000E+00  0.000E+00  0.000E+00  2.351E-03  0.000E+00  0.000E+00  9.946E-01  8.260E-07
 129  5.430E+01   0.000E+00  0.000E+00  0.000E+00  0.000E+00  0.000E+00  2.356E-03  0.000E+00  0.000E+00  9.968E-01  8.447E-07
 130  4.908E+01   0.000E+00  0.000E+00  0.000E+00  0.000E+00  0.000E+00  2.360E-03  0.000E+00  0.000E+00  9.986E-01  8.640E-07
 131  4.441E+01   0.000E+00  0.000E+00  0.000E+00  0.000E+00  0.000E+00  2.363E-03  0.000E+00  0.000E+00  1.000E+00  8.841E-07
 132  4.019E+01   0.000E+00  0.000E+00  0.000E+00  0.000E+00  0.000E+00  2.365E-03  0.000E+00  0.000E+00  1.002E+00  9.053E-07
 133  3.635E+01   0.000E+00  0.000E+00  0.000E+00  0.000E+00  0.000E+00  2.366E-03  0.000E+00  0.000E+00  1.003E+00  9.281E-07
 134  3.288E+01   0.000E+00  0.000E+00  0.000E+00  0.000E+00  0.000E+00  2.366E-03  0.000E+00  0.000E+00  1.004E+00  9.524E-07
 135  2.974E+01   0.000E+00  0.000E+00  0.000E+00  0.000E+00  0.000E+00  2.367E-03  0.000E+00  0.000E+00  1.005E+00  9.785E-07
 136  2.692E+01   0.000E+00  0.000E+00  0.000E+00  0.000E+00  0.000E+00  2.367E-03  0.000E+00  0.000E+00  1.006E+00  1.006E-06
 137  2.433E+01   0.000E+00  0.000E+00  0.000E+00  0.000E+00  0.000E+00  2.366E-03  0.000E+00  0.000E+00  1.007E+00  1.036E-06
 138  1.752E+01   0.000E+00  0.000E+00  0.000E+00  0.000E+00  0.000E+00  2.366E-03  0.000E+00  0.000E+00  1.008E+00  1.142E-06
 139  1.251E+01   0.000E+00  0.000E+00  0.000E+00  0.000E+00  0.000E+00  2.364E-03  0.000E+00  0.000E+00  1.009E+00  1.255E-06
 140  8.952E+00   2.375E-32  0.000E+00  0.000E+00  2.375E-32  2.375E-32  2.362E-03  0.000E+00  1.006E-32  1.010E+00  1.361E-06
 141  6.407E+00   1.272E-25  0.000E+00  2.044E-38  1.272E-25  1.272E-25  2.360E-03  0.000E+00  9.339E-26  1.010E+00  1.461E-06
 142  4.584E+00   1.241E-20  0.000E+00  4.344E-31  1.241E-20  1.241E-20  2.361E-03  0.000E+00  5.318E-20  1.010E+00  1.583E-06
 143  3.283E+00   1.958E-16  0.000E+00  3.583E-25  1.958E-16  1.958E-16  2.371E-03  0.000E+00  1.254E-15  1.010E+00  1.784E-06
 144  2.351E+00   7.770E-13  0.000E+00  1.055E-20  7.770E-13  7.770E-13  2.394E-03  0.000E+00  7.651E-12  1.010E+00  2.124E-06
 145  1.684E+00   3.357E-10  0.000E+00  8.775E-17  3.357E-10  3.357E-10  2.432E-03  0.000E+00  6.009E-09  1.010E+00  2.792E-06
 146  1.207E+00   1.988E-08  0.000E+00  1.236E-13  1.988E-08  1.988E-08  2.486E-03  0.000E+00  4.591E-07  1.010E+00  4.261E-06
 147  8.644E-01   2.510E-07  0.000E+00  1.415E-11  2.510E-07  2.510E-07  2.555E-03  0.000E+00  6.294E-06  1.010E+00  7.935E-06
 148  6.189E-01   1.110E-06  0.000E+00  2.977E-10  1.110E-06  1.110E-06  2.635E-03  0.000E+00  2.907E-05  1.011E+00  1.612E-05
 149  4.433E-01   2.345E-06  0.000E+00  1.853E-09  2.345E-06  2.345E-06  2.703E-03  0.000E+00  6.496E-05  1.011E+00  2.638E-05
 150  3.176E-01   3.284E-06  0.000E+00  5.581E-09  3.284E-06  3.284E-06  2.744E-03  0.000E+00  9.823E-05  1.011E+00  3.421E-05
 151  2.273E-01   3.756E-06  0.000E+00  1.100E-08  3.756E-06  3.756E-06  2.761E-03  0.000E+00  1.225E-04  1.011E+00  3.862E-05
 152  1.626E-01   3.956E-06  2.054E-33  1.697E-08  3.956E-06  3.956E-06  2.767E-03  2.054E-33  1.402E-04  1.011E+00  4.102E-05
 153  1.163E-01   4.062E-06  2.733E-27  2.302E-08  4.062E-06  4.062E-06  2.769E-03  2.733E-27  1.549E-04  1.011E+00  4.269E-05
 154  8.334E-02   4.149E-06  6.635E-22  2.973E-08  4.149E-06  4.149E-06  2.770E-03  6.635E-22  1.678E-04  1.011E+00  4.408E-05
 155  5.961E-02   4.270E-06  8.620E-17  4.083E-08  4.270E-06  4.270E-06  2.772E-03  8.620E-17  1.810E-04  1.011E+00  4.545E-05
 156  4.263E-02   4.487E-06  4.288E-13  6.295E-08  4.487E-06  4.487E-06  2.776E-03  4.288E-13  1.971E-04  1.011E+00  4.704E-05
 157  3.049E-02   4.855E-06  1.898E-10  1.050E-07  4.855E-06  4.855E-06  2.783E-03  1.898E-10  2.183E-04  1.011E+00  4.908E-05
 158  2.183E-02   5.412E-06  1.516E-08  1.954E-07  5.412E-06  5.412E-06  2.793E-03  1.516E-08  2.447E-04  1.011E+00  5.158E-05
 159  1.562E-02   6.307E-06  3.886E-07  4.700E-07  6.307E-06  6.307E-06  2.810E-03  3.886E-07  2.746E-04  1.011E+00  5.468E-05
 160  1.119E-02   8.160E-06  4.094E-06  1.496E-06  8.160E-06  8.160E-06  2.845E-03  4.094E-06  3.038E-04  1.011E+00  6.021E-05
 161  8.025E-03   1.378E-05  2.626E-05  5.659E-06  1.378E-05  1.378E-05  2.952E-03  2.626E-05  3.314E-04  1.011E+00  8.002E-05
 162  5.761E-03   2.948E-05  1.077E-04  1.790E-05  2.948E-05  2.948E-05  3.250E-03  1.077E-04  3.545E-04  1.011E+00  1.422E-04
 163  4.146E-03   6.706E-05  3.367E-04  4.566E-05  6.706E-05  6.706E-05  3.965E-03  3.367E-04  3.740E-04  1.011E+00  2.916E-04
 164  2.991E-03   1.351E-04  8.063E-04  9.136E-05  1.351E-04  1.351E-04  5.258E-03  8.063E-04  3.892E-04  1.011E+00  5.472E-04
 165  2.166E-03   2.353E-04  1.573E-03  1.517E-04  2.353E-04  2.353E-04  7.162E-03  1.573E-03  4.011E-04  1.011E+00  8.943E-04
 166  1.575E-03   3.599E-04  2.618E-03  2.190E-04  3.599E-04  3.599E-04  9.528E-03  2.618E-03  4.102E-04  1.011E+00  1.296E-03
 167  1.148E-03   4.964E-04  3.865E-03  2.853E-04  4.964E-04  4.964E-04  1.212E-02  3.865E-03  4.172E-04  1.011E+00  1.720E-03
 168  8.405E-04   6.350E-04  5.235E-03  3.458E-04  6.350E-04  6.350E-04  1.476E-02  5.235E-03  4.227E-04  1.011E+00  2.143E-03
 169  6.172E-04   7.607E-04  6.570E-03  3.949E-04  7.607E-04  7.607E-04  1.714E-02  6.570E-03  4.268E-04  1.011E+00  2.524E-03
 170  4.549E-04   8.726E-04  7.843E-03  4.337E-04  8.726E-04  8.726E-04  1.927E-02  7.843E-03  4.300E-04  1.011E+00  2.866E-03
 171  3.363E-04   9.667E-04  8.978E-03  4.625E-04  9.667E-04  9.667E-04  2.106E-02  8.978E-03  4.325E-04  1.011E+00  3.156E-03
 172  2.493E-04   1.045E-03  9.970E-03  4.835E-04  1.045E-03  1.045E-03  2.254E-02  9.970E-03  4.344E-04  1.011E+00  3.400E-03
 173  1.851E-04   1.106E-03  1.079E-02  4.981E-04  1.106E-03  1.106E-03  2.370E-02  1.079E-02  4.358E-04  1.011E+00  3.595E-03
 174  1.379E-04   1.155E-03  1.146E-02  5.084E-04  1.155E-03  1.155E-03  2.463E-02  1.146E-02  4.369E-04  1.011E+00  3.751E-03
 175  1.028E-04   1.191E-03  1.198E-02  5.154E-04  1.191E-03  1.191E-03  2.532E-02  1.198E-02  4.378E-04  1.011E+00  3.870E-03
 176  7.686E-05   1.218E-03  1.237E-02  5.201E-04  1.218E-03  1.218E-03  2.584E-02  1.237E-02  4.384E-04  1.011E+00  3.963E-03
 177  5.758E-05   1.239E-03  1.270E-02  5.232E-04  1.239E-03  1.239E-03  2.623E-02  1.270E-02  4.388E-04  1.011E+00  4.055E-03
 178  4.334E-05   1.256E-03  1.302E-02  5.252E-04  1.256E-03  1.256E-03  2.655E-02  1.302E-02  4.391E-04  1.011E+00  4.181E-03
 179  3.288E-05   1.269E-03  1.334E-02  5.264E-04  1.269E-03  1.269E-03  2.681E-02  1.334E-02  4.393E-04  1.011E+00  4.342E-03
 180  2.533E-05   1.279E-03  1.371E-02  5.269E-04  1.279E-03  1.279E-03  2.699E-02  1.371E-02  4.393E-04  1.011E+00  4.543E-03
 181  2.005E-05   1.284E-03  1.431E-02  5.270E-04  1.284E-03  1.284E-03  2.708E-02  1.431E-02  4.394E-04  1.011E+00  4.858E-03
 182  1.608E-05   1.285E-03  1.495E-02  5.271E-04  1.285E-03  1.285E-03  2.712E-02  1.495E-02  4.394E-04  1.011E+00  5.087E-03
 183  1.143E-05   1.285E-03  1.503E-02  5.271E-04  1.285E-03  1.285E-03  2.712E-02  1.503E-02  4.394E-04  1.011E+00  5.088E-03
 184  8.110E-06   1.285E-03  1.503E-02  5.271E-04  1.285E-03  1.285E-03  2.712E-02  1.503E-02  4.394E-04  1.011E+00  5.088E-03
 185  5.728E-06   1.285E-03  1.503E-02  5.271E-04  1.285E-03  1.285E-03  2.712E-02  1.503E-02  4.394E-04  1.011E+00  5.088E-03
 186  4.039E-06   1.285E-03  1.503E-02  5.271E-04  1.285E-03  1.285E-03  2.712E-02  1.503E-02  4.394E-04  1.011E+00  5.088E-03
 187  2.848E-06   1.285E-03  1.503E-02  5.271E-04  1.285E-03  1.285E-03  2.712E-02  1.503E-02  4.394E-04  1.011E+00  5.088E-03
 188  2.011E-06   1.285E-03  1.503E-02  5.271E-04  1.285E-03  1.285E-03  2.712E-02  1.503E-02  4.394E-04  1.011E+00  5.088E-03
 189  1.422E-06   1.285E-03  1.503E-02  5.271E-04  1.285E-03  1.285E-03  2.712E-02  1.503E-02  4.394E-04  1.011E+00  5.088E-03
 190  1.008E-06   1.285E-03  1.503E-02  5.271E-04  1.285E-03  1.285E-03  2.712E-02  1.503E-02  4.394E-04  1.011E+00  5.088E-03
 191  7.152E-07   1.285E-03  1.503E-02  5.271E-04  1.285E-03  1.285E-03  2.712E-02  1.503E-02  4.394E-04  1.011E+00  5.088E-03
 192  5.089E-07   1.285E-03  1.503E-02  5.271E-04  1.285E-03  1.285E-03  2.712E-02  1.503E-02  4.394E-04  1.011E+00  5.088E-03
 193  3.620E-07   1.285E-03  1.503E-02  5.271E-04  1.285E-03  1.285E-03  2.712E-02  1.503E-02  4.394E-04  1.011E+00  5.088E-03
 194  2.579E-07   1.285E-03  1.503E-02  5.271E-04  1.285E-03  1.285E-03  2.712E-02  1.503E-02  4.394E-04  1.011E+00  5.088E-03
 195  1.839E-07   1.285E-03  1.503E-02  5.271E-04  1.285E-03  1.285E-03  2.712E-02  1.503E-02  4.394E-04  1.011E+00  5.088E-03
 196  1.311E-07   1.285E-03  1.503E-02  5.271E-04  1.285E-03  1.285E-03  2.712E-02  1.503E-02  4.394E-04  1.011E+00  5.088E-03
 197  9.351E-08   1.285E-03  1.503E-02  5.271E-04  1.285E-03  1.285E-03  2.712E-02  1.503E-02  4.394E-04  1.011E+00  5.088E-03
 198  6.679E-08   1.285E-03  1.503E-02  5.271E-04  1.285E-03  1.285E-03  2.712E-02  1.503E-02  4.394E-04  1.011E+00  5.088E-03