Level      PRESSURE   K91    K92    K93    K94    K95    K96    K97    K98    K99    K100
   1  1.672E+06   0.000E+00  0.000E+00  0.000E+00  0.000E+00  0.000E+00  0.000E+00  0.000E+00  0.000E+00  0.000E+00  0.000E+00
   2  1.617E+06   0.000E+00  0.000E+00  0.000E+00  0.000E+00  0.000E+00  0.000E+00  0.000E+00  0.000E+00  0.000E+00  0.000E+00
   3  1.564E+06   0.000E+00  0.000E+00  0.000E+00  0.000E+00  0.000E+00  0.000E+00  0.000E+00  0.000E+00  0.000E+00  0.000E+00
   4  1.512E+06   0.000E+00  0.000E+00  0.000E+00  0.000E+00  0.000E+00  0.000E+00  0.000E+00  0.000E+00  0.000E+00  0.000E+00
   5  1.462E+06   0.000E+00  0.000E+00  0.000E+00  0.000E+00  0.000E+00  0.000E+00  0.000E+00  0.000E+00  0.000E+00  0.000E+00
   6  1.414E+06   0.000E+00  0.000E+00  0.000E+00  0.000E+00  0.000E+00  0.000E+00  0.000E+00  0.000E+00  0.000E+00  0.000E+00
   7  1.368E+06   0.000E+00  0.000E+00  0.000E+00  0.000E+00  0.000E+00  0.000E+00  0.000E+00  0.000E+00  0.000E+00  0.000E+00
   8  1.323E+06   0.000E+00  0.000E+00  0.000E+00  0.000E+00  0.000E+00  0.000E+00  0.000E+00  0.000E+00  0.000E+00  0.000E+00
   9  1.280E+06   0.000E+00  0.000E+00  0.000E+00  0.000E+00  0.000E+00  0.000E+00  0.000E+00  0.000E+00  0.000E+00  0.000E+00
  10  1.237E+06   0.000E+00  0.000E+00  0.000E+00  0.000E+00  0.000E+00  0.000E+00  0.000E+00  0.000E+00  0.000E+00  0.000E+00
  11  1.176E+06   0.000E+00  0.000E+00  0.000E+00  0.000E+00  0.000E+00  0.000E+00  0.000E+00  0.000E+00  0.000E+00  0.000E+00
  12  1.118E+06   0.000E+00  3.783E-38  0.000E+00  1.604E-38  0.000E+00  0.000E+00  0.000E+00  0.000E+00  0.000E+00  0.000E+00
  13  1.064E+06   0.000E+00  1.060E-35  2.350E-36  4.497E-36  0.000E+00  0.000E+00  0.000E+00  0.000E+00  0.000E+00  0.000E+00
  14  1.011E+06   0.000E+00  1.856E-33  4.115E-34  7.872E-34  0.000E+00  0.000E+00  0.000E+00  0.000E+00  0.000E+00  0.000E+00
  15  9.616E+05   0.000E+00  1.143E-31  2.536E-32  4.851E-32  0.000E+00  0.000E+00  0.000E+00  0.000E+00  3.011E-37  3.011E-37
  16  9.148E+05   0.000E+00  1.552E-29  3.442E-30  6.584E-30  0.000E+00  0.000E+00  0.000E+00  0.000E+00  1.219E-34  1.219E-34
  17  8.697E+05   0.000E+00  1.042E-27  2.311E-28  4.422E-28  0.000E+00  0.000E+00  0.000E+00  0.000E+00  3.082E-32  3.082E-32
  18  8.272E+05   0.000E+00  3.976E-26  8.834E-27  1.690E-26  0.000E+00  0.000E+00  0.000E+00  0.000E+00  6.864E-30  6.864E-30
  19  7.866E+05   0.000E+00  1.764E-24  3.917E-25  7.494E-25  0.000E+00  0.000E+00  0.000E+00  0.000E+00  9.750E-28  9.750E-28
  20  7.480E+05   0.000E+00  6.421E-23  1.427E-23  2.731E-23  0.000E+00  0.000E+00  0.000E+00  0.000E+00  1.035E-25  1.035E-25
  21  7.112E+05   0.000E+00  1.475E-21  3.287E-22  6.289E-22  0.000E+00  0.000E+00  0.000E+00  0.000E+00  8.259E-24  8.259E-24
  22  6.763E+05   0.000E+00  2.397E-20  5.370E-21  1.028E-20  0.000E+00  0.000E+00  0.000E+00  0.000E+00  4.970E-22  4.970E-22
  23  6.433E+05   0.000E+00  4.120E-19  9.219E-20  1.765E-19  0.000E+00  0.000E+00  0.000E+00  0.000E+00  2.006E-20  2.006E-20
  24  6.117E+05   0.000E+00  4.931E-18  1.111E-18  2.130E-18  0.000E+00  0.000E+00  0.000E+00  0.000E+00  6.184E-19  6.184E-19
  25  5.818E+05   0.000E+00  4.073E-17  9.318E-18  1.792E-17  0.000E+00  0.000E+00  0.000E+00  0.000E+00  1.478E-17  1.478E-17
  26  5.533E+05   0.000E+00  3.657E-16  8.467E-17  1.636E-16  0.000E+00  0.000E+00  0.000E+00  0.000E+00  2.764E-16  2.764E-16
  27  5.259E+05   0.000E+00  2.383E-15  5.617E-16  1.097E-15  0.000E+00  0.000E+00  0.000E+00  0.000E+00  3.678E-15  3.678E-15
  28  5.001E+05   0.000E+00  1.376E-14  3.385E-15  6.729E-15  0.000E+00  0.000E+00  0.000E+00  0.000E+00  4.343E-14  4.343E-14
  29  4.756E+05   0.000E+00  6.168E-14  1.621E-14  3.318E-14  0.000E+00  0.000E+00  0.000E+00  0.000E+00  3.797E-13  3.797E-13
  30  4.523E+05   0.000E+00  2.638E-13  7.482E-14  1.585E-13  0.000E+00  0.000E+00  0.000E+00  0.000E+00  2.742E-12  2.742E-12
  31  4.302E+05   0.000E+00  9.578E-13  3.066E-13  6.795E-13  0.000E+00  0.000E+00  0.000E+00  0.000E+00  1.700E-11  1.700E-11
  32  4.092E+05   0.000E+00  2.774E-12  1.043E-12  2.420E-12  0.000E+00  0.000E+00  0.000E+00  0.000E+00  7.964E-11  7.964E-11
  33  3.891E+05   0.000E+00  8.428E-12  3.783E-12  9.120E-12  0.000E+00  0.000E+00  0.000E+00  0.000E+00  3.658E-10  3.658E-10
  34  3.701E+05   0.000E+00  2.143E-11  1.158E-11  2.873E-11  0.000E+00  0.000E+00  0.000E+00  0.000E+00  1.323E-09  1.323E-09
  35  3.520E+05   0.000E+00  4.960E-11  3.320E-11  8.419E-11  0.000E+00  0.000E+00  0.000E+00  0.000E+00  4.317E-09  4.317E-09
  36  3.346E+05   0.000E+00  1.088E-10  9.016E-11  2.315E-10  0.000E+00  0.000E+00  0.000E+00  0.000E+00  1.283E-08  1.283E-08
  37  3.184E+05   0.000E+00  2.262E-10  2.314E-10  5.966E-10  0.000E+00  0.000E+00  0.000E+00  0.000E+00  3.507E-08  3.507E-08
  38  3.028E+05   0.000E+00  4.418E-10  5.608E-10  1.445E-09  0.000E+00  0.000E+00  0.000E+00  0.000E+00  8.896E-08  8.896E-08
  39  2.879E+05   0.000E+00  8.224E-10  1.290E-09  3.303E-09  0.000E+00  0.000E+00  0.000E+00  0.000E+00  2.109E-07  2.109E-07
  40  2.738E+05   0.000E+00  1.424E-09  2.656E-09  6.736E-09  0.000E+00  0.000E+00  0.000E+00  0.000E+00  4.410E-07  4.410E-07
  41  2.603E+05   0.000E+00  2.461E-09  5.525E-09  1.386E-08  0.000E+00  0.000E+00  0.000E+00  0.000E+00  9.284E-07  9.284E-07
  42  2.478E+05   0.000E+00  3.950E-09  1.042E-08  2.579E-08  4.473E-38  0.000E+00  0.000E+00  0.000E+00  1.759E-06  1.759E-06
  43  2.356E+05   0.000E+00  6.176E-09  1.886E-08  4.605E-08  2.140E-36  0.000E+00  0.000E+00  0.000E+00  3.188E-06  3.188E-06
  44  2.240E+05   0.000E+00  9.394E-09  3.281E-08  7.898E-08  4.540E-35  0.000E+00  0.000E+00  0.000E+00  5.536E-06  5.536E-06
  45  2.131E+05   0.000E+00  1.433E-08  5.704E-08  1.355E-07  1.525E-33  0.000E+00  0.000E+00  0.000E+00  9.602E-06  9.602E-06
  46  2.026E+05   0.000E+00  2.012E-08  8.864E-08  2.076E-07  3.116E-32  0.000E+00  0.000E+00  0.000E+00  1.485E-05  1.485E-05
  47  1.928E+05   0.000E+00  2.854E-08  1.382E-07  3.193E-07  4.314E-31  0.000E+00  0.000E+00  0.000E+00  2.302E-05  2.302E-05
  48  1.833E+05   0.000E+00  3.980E-08  2.088E-07  4.763E-07  6.554E-30  0.000E+00  0.000E+00  0.000E+00  3.458E-05  3.458E-05
  49  1.638E+05   0.000E+00  7.890E-08  4.645E-07  1.030E-06  1.375E-27  0.000E+00  0.000E+00  0.000E+00  7.575E-05  7.575E-05
  50  1.481E+05   0.000E+00  1.523E-07  8.950E-07  1.935E-06  9.626E-26  0.000E+00  0.000E+00  0.000E+00  1.436E-04  1.436E-04
  51  1.340E+05   0.000E+00  3.157E-07  1.592E-06  3.355E-06  5.320E-24  0.000E+00  0.000E+00  0.000E+00  2.508E-04  2.508E-04
  52  1.213E+05   0.000E+00  7.377E-07  2.723E-06  5.581E-06  2.048E-22  0.000E+00  0.000E+00  0.000E+00  4.197E-04  4.197E-04
  53  1.097E+05   0.000E+00  1.792E-06  4.424E-06  8.807E-06  5.134E-21  0.000E+00  0.000E+00  0.000E+00  6.646E-04  6.646E-04
  54  9.927E+04   0.000E+00  4.567E-06  7.134E-06  1.372E-05  1.210E-19  0.000E+00  0.000E+00  0.000E+00  1.037E-03  1.037E-03
  55  8.982E+04   0.000E+00  1.124E-05  1.123E-05  2.074E-05  2.292E-18  0.000E+00  0.000E+00  0.000E+00  1.566E-03  1.566E-03
  56  8.125E+04   0.000E+00  2.613E-05  1.731E-05  3.052E-05  3.189E-17  0.000E+00  0.000E+00  0.000E+00  2.295E-03  2.295E-03
  57  7.353E+04   0.000E+00  5.511E-05  2.582E-05  4.326E-05  3.503E-16  0.000E+00  0.000E+00  0.000E+00  3.228E-03  3.228E-03
  58  6.652E+04   0.000E+00  1.122E-04  3.869E-05  6.102E-05  3.618E-15  0.000E+00  0.000E+00  0.000E+00  4.498E-03  4.498E-03
  59  6.020E+04   0.000E+00  2.142E-04  5.747E-05  8.479E-05  2.990E-14  0.000E+00  0.000E+00  0.000E+00  6.145E-03  6.145E-03
  60  5.446E+04   0.000E+00  3.769E-04  8.340E-05  1.148E-04  2.052E-13  0.000E+00  0.000E+00  0.000E+00  8.152E-03  8.152E-03
  61  4.926E+04   0.000E+00  6.364E-04  1.208E-04  1.547E-04  1.260E-12  0.000E+00  0.000E+00  0.000E+00  1.070E-02  1.070E-02
  62  4.460E+04   0.000E+00  1.023E-03  1.732E-04  2.061E-04  6.577E-12  0.000E+00  0.000E+00  0.000E+00  1.385E-02  1.385E-02
  63  4.036E+04   0.000E+00  1.571E-03  2.452E-04  2.719E-04  3.088E-11  0.000E+00  0.000E+00  0.000E+00  1.768E-02  1.768E-02
  64  3.651E+04   0.000E+00  2.318E-03  3.435E-04  3.559E-04  1.325E-10  0.000E+00  0.000E+00  0.000E+00  2.234E-02  2.234E-02
  65  3.303E+04   0.000E+00  3.299E-03  4.763E-04  4.627E-04  5.098E-10  0.000E+00  0.000E+00  0.000E+00  2.798E-02  2.798E-02
  66  2.991E+04   0.000E+00  4.537E-03  6.517E-04  5.969E-04  1.801E-09  0.000E+00  0.000E+00  0.000E+00  3.474E-02  3.474E-02
  67  2.704E+04   0.000E+00  6.059E-03  8.795E-04  7.638E-04  5.854E-09  0.000E+00  0.000E+00  0.000E+00  4.278E-02  4.278E-02
  68  2.448E+04   0.000E+00  7.873E-03  1.166E-03  9.663E-04  1.699E-08  0.000E+00  0.000E+00  0.000E+00  5.217E-02  5.217E-02
  69  2.215E+04   0.000E+00  9.979E-03  1.517E-03  1.207E-03  4.504E-08  0.000E+00  0.000E+00  0.000E+00  6.295E-02  6.295E-02
  70  2.004E+04   0.000E+00  1.236E-02  1.936E-03  1.487E-03  1.099E-07  0.000E+00  0.000E+00  0.000E+00  7.510E-02  7.510E-02
  71  1.815E+04   0.000E+00  1.501E-02  2.424E-03  1.806E-03  2.464E-07  0.000E+00  0.000E+00  0.000E+00  8.862E-02  8.862E-02
  72  1.642E+04   0.000E+00  1.788E-02  2.983E-03  2.165E-03  5.153E-07  0.000E+00  0.000E+00  0.000E+00  1.035E-01  1.035E-01
  73  1.487E+04   0.000E+00  2.096E-02  3.611E-03  2.563E-03  1.014E-06  0.000E+00  0.000E+00  0.000E+00  1.195E-01  1.195E-01
  74  1.346E+04   0.000E+00  2.422E-02  4.306E-03  2.997E-03  1.872E-06  0.000E+00  0.000E+00  0.000E+00  1.368E-01  1.368E-01
  75  1.217E+04   0.000E+00  2.759E-02  5.050E-03  3.458E-03  3.239E-06  0.000E+00  0.000E+00  0.000E+00  1.548E-01  1.548E-01
  76  1.102E+04   0.000E+00  3.106E-02  5.838E-03  3.942E-03  5.315E-06  0.000E+00  0.000E+00  0.000E+00  1.735E-01  1.735E-01
  77  9.969E+03   0.000E+00  3.457E-02  6.651E-03  4.438E-03  8.238E-06  0.000E+00  0.000E+00  0.000E+00  1.925E-01  1.925E-01
  78  9.020E+03   0.000E+00  3.810E-02  7.479E-03  4.942E-03  1.218E-05  0.000E+00  0.000E+00  0.000E+00  2.115E-01  2.115E-01
  79  8.164E+03   0.000E+00  4.160E-02  8.304E-03  5.441E-03  1.725E-05  0.000E+00  0.000E+00  0.000E+00  2.302E-01  2.302E-01
  80  7.385E+03   0.000E+00  4.505E-02  9.120E-03  5.935E-03  2.352E-05  0.000E+00  0.000E+00  0.000E+00  2.485E-01  2.485E-01
  81  6.685E+03   0.000E+00  4.842E-02  9.914E-03  6.416E-03  3.102E-05  0.000E+00  0.000E+00  0.000E+00  2.662E-01  2.662E-01
  82  6.047E+03   0.000E+00  5.168E-02  1.068E-02  6.878E-03  3.976E-05  0.000E+00  0.000E+00  0.000E+00  2.831E-01  2.831E-01
  83  5.474E+03   0.000E+00  5.483E-02  1.141E-02  7.322E-03  4.974E-05  0.000E+00  0.000E+00  0.000E+00  2.993E-01  2.993E-01
  84  4.951E+03   0.000E+00  5.785E-02  1.210E-02  7.746E-03  6.088E-05  0.000E+00  0.000E+00  0.000E+00  3.146E-01  3.146E-01
  85  4.481E+03   0.000E+00  6.072E-02  1.275E-02  8.148E-03  7.309E-05  0.000E+00  0.000E+00  0.000E+00  3.291E-01  3.291E-01
  86  4.055E+03   0.000E+00  6.345E-02  1.337E-02  8.531E-03  8.638E-05  0.000E+00  0.000E+00  0.000E+00  3.429E-01  3.429E-01
  87  3.667E+03   0.000E+00  6.602E-02  1.394E-02  8.894E-03  1.005E-04  0.000E+00  0.000E+00  0.000E+00  3.559E-01  3.559E-01
  88  3.316E+03   0.000E+00  6.844E-02  1.448E-02  9.240E-03  1.155E-04  0.000E+00  0.000E+00  0.000E+00  3.684E-01  3.684E-01
  89  3.001E+03   0.000E+00  7.071E-02  1.498E-02  9.570E-03  1.311E-04  0.000E+00  0.000E+00  0.000E+00  3.802E-01  3.802E-01
  90  2.716E+03   0.000E+00  7.282E-02  1.544E-02  9.886E-03  1.471E-04  0.000E+00  0.000E+00  0.000E+00  3.917E-01  3.917E-01
  91  2.457E+03   0.000E+00  7.480E-02  1.588E-02  1.019E-02  1.635E-04  0.000E+00  0.000E+00  0.000E+00  4.028E-01  4.028E-01
  92  2.222E+03   0.000E+00  7.663E-02  1.629E-02  1.048E-02  1.802E-04  0.000E+00  0.000E+00  0.000E+00  4.136E-01  4.136E-01
  93  2.011E+03   0.000E+00  7.832E-02  1.668E-02  1.077E-02  1.968E-04  0.000E+00  0.000E+00  0.000E+00  4.240E-01  4.240E-01
  94  1.819E+03   0.000E+00  7.989E-02  1.704E-02  1.104E-02  2.133E-04  0.000E+00  0.000E+00  0.000E+00  4.343E-01  4.343E-01
  95  1.646E+03   0.000E+00  8.134E-02  1.738E-02  1.131E-02  2.297E-04  0.000E+00  0.000E+00  0.000E+00  4.442E-01  4.442E-01
  96  1.489E+03   0.000E+00  8.268E-02  1.769E-02  1.156E-02  2.456E-04  0.000E+00  0.000E+00  0.000E+00  4.539E-01  4.539E-01
  97  1.347E+03   0.000E+00  8.390E-02  1.799E-02  1.181E-02  2.612E-04  0.000E+00  0.000E+00  0.000E+00  4.632E-01  4.632E-01
  98  1.219E+03   0.000E+00  8.503E-02  1.826E-02  1.204E-02  2.762E-04  0.000E+00  0.000E+00  0.000E+00  4.721E-01  4.721E-01
  99  1.102E+03   0.000E+00  8.606E-02  1.852E-02  1.227E-02  2.907E-04  0.000E+00  0.000E+00  0.000E+00  4.806E-01  4.806E-01
 100  9.972E+02   0.000E+00  8.700E-02  1.875E-02  1.248E-02  3.047E-04  0.000E+00  0.000E+00  0.000E+00  4.887E-01  4.887E-01
 101  9.018E+02   0.000E+00  8.787E-02  1.896E-02  1.267E-02  3.180E-04  0.000E+00  0.000E+00  0.000E+00  4.962E-01  4.962E-01
 102  8.161E+02   0.000E+00  8.865E-02  1.914E-02  1.285E-02  3.309E-04  0.000E+00  0.000E+00  0.000E+00  5.031E-01  5.031E-01
 103  7.384E+02   0.000E+00  8.938E-02  1.930E-02  1.302E-02  3.432E-04  0.000E+00  0.000E+00  0.000E+00  5.095E-01  5.095E-01
 104  6.676E+02   0.000E+00  9.003E-02  1.944E-02  1.316E-02  3.550E-04  0.000E+00  0.000E+00  0.000E+00  5.152E-01  5.152E-01
 105  6.038E+02   0.000E+00  9.063E-02  1.955E-02  1.330E-02  3.664E-04  0.000E+00  0.000E+00  0.000E+00  5.204E-01  5.204E-01
 106  5.463E+02   0.000E+00  9.118E-02  1.965E-02  1.342E-02  3.775E-04  0.000E+00  0.000E+00  0.000E+00  5.249E-01  5.249E-01
 107  4.941E+02   0.000E+00  9.168E-02  1.971E-02  1.352E-02  3.882E-04  0.000E+00  0.000E+00  0.000E+00  5.288E-01  5.288E-01
 108  4.470E+02   0.000E+00  9.213E-02  1.976E-02  1.361E-02  3.987E-04  0.000E+00  0.000E+00  0.000E+00  5.321E-01  5.321E-01
 109  4.044E+02   0.000E+00  9.254E-02  1.979E-02  1.368E-02  4.089E-04  0.000E+00  0.000E+00  0.000E+00  5.348E-01  5.348E-01
 110  3.656E+02   0.000E+00  9.291E-02  1.980E-02  1.374E-02  4.191E-04  0.000E+00  0.000E+00  0.000E+00  5.371E-01  5.371E-01
 111  3.308E+02   0.000E+00  9.325E-02  1.980E-02  1.379E-02  4.292E-04  0.000E+00  0.000E+00  0.000E+00  5.388E-01  5.388E-01
 112  2.991E+02   0.000E+00  9.356E-02  1.978E-02  1.382E-02  4.393E-04  0.000E+00  0.000E+00  0.000E+00  5.401E-01  5.401E-01
 113  2.705E+02   0.000E+00  9.384E-02  1.974E-02  1.385E-02  4.493E-04  0.000E+00  0.000E+00  0.000E+00  5.410E-01  5.410E-01
 114  2.447E+02   0.000E+00  9.410E-02  1.970E-02  1.387E-02  4.593E-04  0.000E+00  0.000E+00  0.000E+00  5.415E-01  5.415E-01
 115  2.213E+02   0.000E+00  9.433E-02  1.964E-02  1.388E-02  4.693E-04  0.000E+00  0.000E+00  0.000E+00  5.416E-01  5.416E-01
 116  2.001E+02   0.000E+00  9.454E-02  1.958E-02  1.388E-02  4.792E-04  0.000E+00  0.000E+00  0.000E+00  5.415E-01  5.415E-01
 117  1.811E+02   0.000E+00  9.473E-02  1.951E-02  1.388E-02  4.891E-04  0.000E+00  0.000E+00  0.000E+00  5.411E-01  5.411E-01
 118  1.638E+02   0.000E+00  9.490E-02  1.943E-02  1.387E-02  4.989E-04  0.000E+00  0.000E+00  0.000E+00  5.405E-01  5.405E-01
 119  1.482E+02   0.000E+00  9.505E-02  1.935E-02  1.385E-02  5.085E-04  0.000E+00  0.000E+00  0.000E+00  5.398E-01  5.398E-01
 120  1.340E+02   0.000E+00  9.519E-02  1.927E-02  1.384E-02  5.180E-04  0.000E+00  0.000E+00  0.000E+00  5.389E-01  5.389E-01
 121  1.212E+02   0.000E+00  9.532E-02  1.918E-02  1.382E-02  5.270E-04  0.000E+00  0.000E+00  0.000E+00  5.379E-01  5.379E-01
 122  1.096E+02   0.000E+00  9.544E-02  1.909E-02  1.379E-02  5.357E-04  0.000E+00  0.000E+00  0.000E+00  5.368E-01  5.368E-01
 123  9.912E+01   0.000E+00  9.554E-02  1.901E-02  1.377E-02  5.440E-04  0.000E+00  0.000E+00  0.000E+00  5.356E-01  5.356E-01
 124  8.963E+01   0.000E+00  9.564E-02  1.892E-02  1.374E-02  5.519E-04  0.000E+00  0.000E+00  0.000E+00  5.345E-01  5.345E-01
 125  8.112E+01   0.000E+00  9.573E-02  1.884E-02  1.371E-02  5.593E-04  0.000E+00  0.000E+00  0.000E+00  5.332E-01  5.332E-01
 126  7.338E+01   0.000E+00  9.580E-02  1.875E-02  1.369E-02  5.662E-04  0.000E+00  0.000E+00  0.000E+00  5.320E-01  5.320E-01
 127  6.637E+01   0.000E+00  9.587E-02  1.867E-02  1.366E-02  5.726E-04  0.000E+00  0.000E+00  0.000E+00  5.307E-01  5.307E-01
 128  6.001E+01   0.000E+00  9.594E-02  1.859E-02  1.363E-02  5.786E-04  0.000E+00  0.000E+00  0.000E+00  5.295E-01  5.295E-01
 129  5.430E+01   0.000E+00  9.600E-02  1.852E-02  1.360E-02  5.841E-04  0.000E+00  0.000E+00  0.000E+00  5.283E-01  5.283E-01
 130  4.908E+01   0.000E+00  9.605E-02  1.844E-02  1.357E-02  5.893E-04  0.000E+00  0.000E+00  0.000E+00  5.270E-01  5.270E-01
 131  4.441E+01   0.000E+00  9.610E-02  1.838E-02  1.355E-02  5.943E-04  0.000E+00  0.000E+00  0.000E+00  5.259E-01  5.259E-01
 132  4.019E+01   0.000E+00  9.614E-02  1.830E-02  1.352E-02  5.991E-04  0.000E+00  0.000E+00  0.000E+00  5.246E-01  5.246E-01
 133  3.635E+01   0.000E+00  9.618E-02  1.824E-02  1.349E-02  6.038E-04  0.000E+00  0.000E+00  0.000E+00  5.235E-01  5.235E-01
 134  3.288E+01   0.000E+00  9.621E-02  1.818E-02  1.347E-02  6.086E-04  0.000E+00  0.000E+00  0.000E+00  5.224E-01  5.224E-01
 135  2.974E+01   0.000E+00  9.624E-02  1.812E-02  1.344E-02  6.133E-04  0.000E+00  0.000E+00  0.000E+00  5.213E-01  5.213E-01
 136  2.692E+01   0.000E+00  9.627E-02  1.806E-02  1.342E-02  6.182E-04  0.000E+00  0.000E+00  0.000E+00  5.202E-01  5.202E-01
 137  2.433E+01   0.000E+00  9.630E-02  1.800E-02  1.340E-02  6.232E-04  0.000E+00  0.000E+00  0.000E+00  5.192E-01  5.192E-01
 138  1.752E+01   0.000E+00  9.637E-02  1.783E-02  1.333E-02  6.407E-04  0.000E+00  0.000E+00  0.000E+00  5.161E-01  5.161E-01
 139  1.251E+01   0.000E+00  9.642E-02  1.769E-02  1.327E-02  6.591E-04  0.000E+00  0.000E+00  0.000E+00  5.133E-01  5.133E-01
 140  8.952E+00   0.000E+00  9.646E-02  1.757E-02  1.323E-02  6.766E-04  8.292E-38  3.316E-37  1.244E-36  5.111E-01  5.111E-01
 141  6.407E+00   0.000E+00  9.648E-02  1.748E-02  1.320E-02  6.917E-04  6.072E-30  2.402E-29  9.049E-29  5.093E-01  5.093E-01
 142  4.584E+00   0.000E+00  9.650E-02  1.741E-02  1.318E-02  7.054E-04  7.046E-24  2.715E-23  1.034E-22  5.079E-01  5.079E-01
 143  3.283E+00   0.000E+00  9.651E-02  1.736E-02  1.316E-02  7.215E-04  6.320E-19  2.302E-18  8.979E-18  5.068E-01  5.068E-01
 144  2.351E+00   0.000E+00  9.652E-02  1.732E-02  1.316E-02  7.429E-04  7.823E-15  2.731E-14  1.085E-13  5.061E-01  5.061E-01
 145  1.684E+00   0.000E+00  9.653E-02  1.729E-02  1.318E-02  7.736E-04  2.107E-11  6.393E-11  2.710E-10  5.055E-01  5.055E-01
 146  1.207E+00   0.000E+00  9.654E-02  1.726E-02  1.321E-02  8.176E-04  4.352E-09  1.119E-08  5.152E-08  5.051E-01  5.051E-01
 147  8.644E-01   0.000E+00  9.654E-02  1.725E-02  1.326E-02  8.779E-04  1.155E-07  2.628E-07  1.291E-06  5.048E-01  5.048E-01
 148  6.189E-01   0.000E+00  9.654E-02  1.724E-02  1.334E-02  9.596E-04  8.010E-07  1.709E-06  8.705E-06  5.045E-01  5.045E-01
 149  4.433E-01   2.189E-38  9.655E-02  1.723E-02  1.342E-02  1.046E-03  2.204E-06  4.653E-06  2.385E-05  5.044E-01  5.044E-01
 150  3.176E-01   7.239E-32  9.655E-02  1.722E-02  1.348E-02  1.110E-03  3.623E-06  7.839E-06  3.962E-05  5.042E-01  5.042E-01
 151  2.273E-01   1.225E-26  9.655E-02  1.722E-02  1.351E-02  1.144E-03  4.574E-06  1.031E-05  5.092E-05  5.042E-01  5.042E-01
 152  1.626E-01   1.318E-22  9.655E-02  1.721E-02  1.353E-02  1.159E-03  5.126E-06  1.203E-05  5.814E-05  5.041E-01  5.041E-01
 153  1.163E-01   8.130E-19  9.655E-02  1.721E-02  1.353E-02  1.167E-03  5.492E-06  1.336E-05  6.333E-05  5.041E-01  5.041E-01
 154  8.334E-02   2.501E-15  9.655E-02  1.721E-02  1.354E-02  1.172E-03  5.782E-06  1.449E-05  6.760E-05  5.040E-01  5.040E-01
 155  5.961E-02   9.998E-13  9.655E-02  1.721E-02  1.354E-02  1.176E-03  6.064E-06  1.560E-05  7.179E-05  5.040E-01  5.040E-01
 156  4.263E-02   7.527E-11  9.655E-02  1.721E-02  1.355E-02  1.182E-03  6.392E-06  1.690E-05  7.668E-05  5.040E-01  5.040E-01
 157  3.049E-02   1.741E-09  9.655E-02  1.721E-02  1.355E-02  1.189E-03  6.813E-06  1.857E-05  8.297E-05  5.040E-01  5.040E-01
 158  2.183E-02   1.745E-08  9.655E-02  1.721E-02  1.357E-02  1.201E-03  7.347E-06  2.070E-05  9.097E-05  5.040E-01  5.040E-01
 159  1.562E-02   1.023E-07  9.655E-02  1.721E-02  1.359E-02  1.221E-03  8.050E-06  2.351E-05  1.015E-04  5.040E-01  5.040E-01
 160  1.119E-02   4.135E-07  9.655E-02  1.721E-02  1.362E-02  1.255E-03  9.038E-06  2.746E-05  1.163E-04  5.040E-01  5.040E-01
 161  8.025E-03   1.425E-06  9.655E-02  1.721E-02  1.368E-02  1.315E-03  1.088E-05  3.481E-05  1.439E-04  5.040E-01  5.040E-01
 162  5.761E-03   3.930E-06  9.655E-02  1.721E-02  1.378E-02  1.413E-03  1.468E-05  5.004E-05  2.010E-04  5.039E-01  5.039E-01
 163  4.146E-03   9.110E-06  9.655E-02  1.721E-02  1.394E-02  1.579E-03  2.292E-05  8.298E-05  3.245E-04  5.039E-01  5.039E-01
 164  2.990E-03   1.739E-05  9.655E-02  1.721E-02  1.420E-02  1.841E-03  3.802E-05  1.434E-04  5.510E-04  5.039E-01  5.039E-01
 165  2.165E-03   2.860E-05  9.655E-02  1.721E-02  1.459E-02  2.224E-03  6.201E-05  2.394E-04  9.108E-04  5.039E-01  5.039E-01
 166  1.574E-03   4.176E-05  9.655E-02  1.721E-02  1.509E-02  2.727E-03  9.492E-05  3.710E-04  1.404E-03  5.039E-01  5.039E-01
 167  1.147E-03   5.571E-05  9.655E-02  1.721E-02  1.569E-02  3.325E-03  1.348E-04  5.306E-04  2.003E-03  5.039E-01  5.039E-01
 168  8.397E-04   6.999E-05  9.655E-02  1.721E-02  1.635E-02  3.987E-03  1.797E-04  7.101E-04  2.675E-03  5.039E-01  5.039E-01
 169  6.166E-04   8.394E-05  9.655E-02  1.721E-02  1.701E-02  4.644E-03  2.246E-04  8.895E-04  3.348E-03  5.039E-01  5.039E-01
 170  4.545E-04   9.848E-05  9.655E-02  1.721E-02  1.764E-02  5.280E-03  2.683E-04  1.064E-03  4.004E-03  5.039E-01  5.039E-01
 171  3.360E-04   1.137E-04  9.655E-02  1.721E-02  1.822E-02  5.853E-03  3.078E-04  1.223E-03  4.597E-03  5.039E-01  5.039E-01
 172  2.491E-04   1.296E-04  9.655E-02  1.721E-02  1.872E-02  6.354E-03  3.425E-04  1.361E-03  5.117E-03  5.039E-01  5.039E-01
 173  1.849E-04   1.448E-04  9.655E-02  1.721E-02  1.913E-02  6.763E-03  3.708E-04  1.474E-03  5.541E-03  5.039E-01  5.039E-01
 174  1.376E-04   1.585E-04  9.655E-02  1.721E-02  1.946E-02  7.094E-03  3.936E-04  1.566E-03  5.883E-03  5.039E-01  5.039E-01
 175  1.025E-04   1.696E-04  9.655E-02  1.721E-02  1.971E-02  7.343E-03  4.109E-04  1.635E-03  6.142E-03  5.039E-01  5.039E-01
 176  7.656E-05   1.779E-04  9.655E-02  1.721E-02  1.989E-02  7.526E-03  4.236E-04  1.686E-03  6.333E-03  5.039E-01  5.039E-01
 177  5.730E-05   1.841E-04  9.655E-02  1.721E-02  2.002E-02  7.656E-03  4.331E-04  1.724E-03  6.475E-03  5.039E-01  5.039E-01
 178  4.311E-05   1.921E-04  9.655E-02  1.721E-02  2.011E-02  7.746E-03  4.408E-04  1.755E-03  6.591E-03  5.039E-01  5.039E-01
 179  3.270E-05   2.169E-04  9.655E-02  1.721E-02  2.017E-02  7.809E-03  4.473E-04  1.780E-03  6.688E-03  5.039E-01  5.039E-01
 180  2.521E-05   2.851E-04  9.655E-02  1.721E-02  2.023E-02  7.862E-03  4.529E-04  1.802E-03  6.770E-03  5.039E-01  5.039E-01
 181  1.998E-05   4.092E-04  9.655E-02  1.721E-02  2.029E-02  7.923E-03  4.602E-04  1.828E-03  6.865E-03  5.039E-01  5.039E-01
 182  1.605E-05   5.061E-04  9.655E-02  1.721E-02  2.033E-02  7.970E-03  4.655E-04  1.846E-03  6.932E-03  5.039E-01  5.039E-01
 183  1.141E-05   5.083E-04  9.655E-02  1.721E-02  2.034E-02  7.973E-03  4.655E-04  1.846E-03  6.933E-03  5.039E-01  5.039E-01
 184  8.095E-06   5.083E-04  9.655E-02  1.721E-02  2.034E-02  7.973E-03  4.655E-04  1.846E-03  6.933E-03  5.039E-01  5.039E-01
 185  5.717E-06   5.084E-04  9.655E-02  1.721E-02  2.034E-02  7.973E-03  4.655E-04  1.846E-03  6.933E-03  5.039E-01  5.039E-01
 186  4.031E-06   5.084E-04  9.655E-02  1.721E-02  2.034E-02  7.973E-03  4.655E-04  1.846E-03  6.933E-03  5.039E-01  5.039E-01
 187  2.843E-06   5.084E-04  9.655E-02  1.721E-02  2.034E-02  7.973E-03  4.655E-04  1.846E-03  6.933E-03  5.039E-01  5.039E-01
 188  2.007E-06   5.084E-04  9.655E-02  1.721E-02  2.034E-02  7.973E-03  4.655E-04  1.846E-03  6.933E-03  5.039E-01  5.039E-01
 189  1.419E-06   5.084E-04  9.655E-02  1.721E-02  2.034E-02  7.973E-03  4.655E-04  1.846E-03  6.933E-03  5.039E-01  5.039E-01
 190  1.006E-06   5.084E-04  9.655E-02  1.721E-02  2.034E-02  7.973E-03  4.655E-04  1.846E-03  6.933E-03  5.039E-01  5.039E-01
 191  7.138E-07   5.084E-04  9.655E-02  1.721E-02  2.034E-02  7.973E-03  4.655E-04  1.846E-03  6.933E-03  5.039E-01  5.039E-01
 192  5.079E-07   5.084E-04  9.655E-02  1.721E-02  2.034E-02  7.973E-03  4.655E-04  1.846E-03  6.933E-03  5.039E-01  5.039E-01
 193  3.613E-07   5.084E-04  9.655E-02  1.721E-02  2.034E-02  7.973E-03  4.655E-04  1.846E-03  6.933E-03  5.039E-01  5.039E-01
 194  2.573E-07   5.084E-04  9.655E-02  1.721E-02  2.034E-02  7.973E-03  4.655E-04  1.846E-03  6.933E-03  5.039E-01  5.039E-01
 195  1.835E-07   5.084E-04  9.655E-02  1.721E-02  2.034E-02  7.973E-03  4.655E-04  1.846E-03  6.933E-03  5.039E-01  5.039E-01
 196  1.308E-07   5.084E-04  9.655E-02  1.721E-02  2.034E-02  7.973E-03  4.655E-04  1.846E-03  6.933E-03  5.039E-01  5.039E-01
 197  9.332E-08   5.084E-04  9.655E-02  1.721E-02  2.034E-02  7.973E-03  4.655E-04  1.846E-03  6.933E-03  5.039E-01  5.039E-01
 198  6.665E-08   5.084E-04  9.655E-02  1.721E-02  2.034E-02  7.973E-03  4.655E-04  1.846E-03  6.933E-03  5.039E-01  5.039E-01
