 17.7    1.76e-19
 18.2    2.09e-19
 18.8    2.31e-19
 19.4    2.52e-19
 20.0    2.52e-19
 20.7    2.63e-19
 21.4    3.62e-19
 22.1    3.51e-19
 23.0    4.28e-19
 23.8    4.50e-19
 24.8    5.27e-19
 25.8    6.70e-19
 27.0    7.13e-19
 28.2    7.79e-19
 29.5    9.22e-19
 31.0    1.09e-18
 31.8    1.21e-18
 32.6    1.42e-18
 33.5    1.44e-18
 34.4    1.53e-18
 35.4    1.70e-18
 36.5    1.89e-18
 37.6    2.09e-18
 38.7    2.26e-18
 40.0    2.49e-18
 41.3    2.70e-18
 42.8    2.94e-18
 44.3    3.17e-18
 45.9    3.56e-18
 47.7    3.83e-18
 49.6    4.30e-18
 51.7    4.81e-18
 53.9    5.40e-18
 56.4    6.05e-18
 58.4    6.48e-18
 59.0    5.76e-18
 62.0    7.63e-18
 63.6    7.96e-18
 65.3    8.62e-18
 67.0    9.05e-18
 68.9    9.69e-18
 70.8    1.05e-17
 72.9    1.11e-17
 75.1    1.19e-17
 77.5    1.28e-17
 80.0    1.38e-17
 82.7    1.46e-17
 85.5    1.52e-17
 88.6    1.64e-17
 91.8    2.33e-17
 95.4    3.57e-17
 99.2    3.74e-17
103      2.27e-17
108      8.41e-18
113      1.87e-18
118      2.85e-19
124      8.78e-20