  wl (A)     sigma_CH3 (cm2)
  5.0000E+01 0.0000E+00
  5.2000E+01 0.0000E+00
  5.4000E+01 0.0000E+00
  5.6000E+01 0.0000E+00
  5.8000E+01 0.0000E+00
  6.0000E+01 0.0000E+00
  6.2000E+01 0.0000E+00
  6.4000E+01 0.0000E+00
  6.6000E+01 0.0000E+00
  6.8000E+01 0.0000E+00
  7.0000E+01 0.0000E+00
  7.2000E+01 0.0000E+00
  7.4000E+01 0.0000E+00
  7.6000E+01 0.0000E+00
  7.8000E+01 0.0000E+00
  8.0000E+01 0.0000E+00
  8.2000E+01 0.0000E+00
  8.4000E+01 0.0000E+00
  8.6000E+01 0.0000E+00
  8.8000E+01 0.0000E+00
  9.0000E+01 0.0000E+00
  9.2000E+01 0.0000E+00
  9.4000E+01 0.0000E+00
  9.6000E+01 0.0000E+00
  9.8000E+01 0.0000E+00
  1.0000E+02 0.0000E+00
  1.0200E+02 0.0000E+00
  1.0400E+02 0.0000E+00
  1.0600E+02 0.0000E+00
  1.0800E+02 0.0000E+00
  1.1000E+02 0.0000E+00
  1.1200E+02 0.0000E+00
  1.1400E+02 0.0000E+00
  1.1600E+02 0.0000E+00
  1.1800E+02 0.0000E+00
  1.2000E+02 0.0000E+00
  1.2200E+02 0.0000E+00
  1.2400E+02 0.0000E+00
  1.2600E+02 0.0000E+00
  1.2800E+02 0.0000E+00
  1.3000E+02 0.0000E+00
  1.3200E+02 0.0000E+00
  1.3400E+02 0.0000E+00
  1.3600E+02 0.0000E+00
  1.3800E+02 0.0000E+00
  1.4000E+02 0.0000E+00
  1.4200E+02 0.0000E+00
  1.4400E+02 0.0000E+00
  1.4600E+02 0.0000E+00
  1.4800E+02 0.0000E+00
  1.5000E+02 0.0000E+00
  1.5200E+02 0.0000E+00
  1.5400E+02 0.0000E+00
  1.5600E+02 0.0000E+00
  1.5800E+02 0.0000E+00
  1.6000E+02 0.0000E+00
  1.6200E+02 0.0000E+00
  1.6400E+02 0.0000E+00
  1.6600E+02 0.0000E+00
  1.6800E+02 0.0000E+00
  1.7000E+02 0.0000E+00
  1.7200E+02 0.0000E+00
  1.7400E+02 0.0000E+00
  1.7600E+02 0.0000E+00
  1.7800E+02 0.0000E+00
  1.8000E+02 0.0000E+00
  1.8200E+02 0.0000E+00
  1.8400E+02 0.0000E+00
  1.8600E+02 0.0000E+00
  1.8800E+02 0.0000E+00
  1.9000E+02 0.0000E+00
  1.9200E+02 0.0000E+00
  1.9400E+02 0.0000E+00
  1.9600E+02 0.0000E+00
  1.9800E+02 0.0000E+00
  2.0000E+02 0.0000E+00
  2.0200E+02 0.0000E+00
  2.0400E+02 0.0000E+00
  2.0600E+02 0.0000E+00
  2.0800E+02 0.0000E+00
  2.1000E+02 0.0000E+00
  2.1200E+02 0.0000E+00
  2.1400E+02 0.0000E+00
  2.1600E+02 0.0000E+00
  2.1800E+02 0.0000E+00
  2.2000E+02 0.0000E+00
  2.2200E+02 0.0000E+00
  2.2400E+02 0.0000E+00
  2.2600E+02 0.0000E+00
  2.2800E+02 0.0000E+00
  2.3000E+02 0.0000E+00
  2.3200E+02 0.0000E+00
  2.3400E+02 0.0000E+00
  2.3600E+02 0.0000E+00
  2.3800E+02 0.0000E+00
  2.4000E+02 0.0000E+00
  2.4200E+02 0.0000E+00
  2.4400E+02 0.0000E+00
  2.4600E+02 0.0000E+00
  2.4800E+02 0.0000E+00
  2.5000E+02 0.0000E+00
  2.5200E+02 0.0000E+00
  2.5400E+02 0.0000E+00
  2.5600E+02 0.0000E+00
  2.5800E+02 0.0000E+00
  2.6000E+02 0.0000E+00
  2.6200E+02 0.0000E+00
  2.6400E+02 0.0000E+00
  2.6600E+02 0.0000E+00
  2.6800E+02 0.0000E+00
  2.7000E+02 0.0000E+00
  2.7200E+02 0.0000E+00
  2.7400E+02 0.0000E+00
  2.7600E+02 0.0000E+00
  2.7800E+02 0.0000E+00
  2.8000E+02 0.0000E+00
  2.8200E+02 0.0000E+00
  2.8400E+02 0.0000E+00
  2.8600E+02 0.0000E+00
  2.8800E+02 0.0000E+00
  2.9000E+02 0.0000E+00
  2.9200E+02 0.0000E+00
  2.9400E+02 0.0000E+00
  2.9600E+02 0.0000E+00
  2.9800E+02 0.0000E+00
  3.0000E+02 0.0000E+00
  3.0200E+02 0.0000E+00
  3.0400E+02 0.0000E+00
  3.0600E+02 0.0000E+00
  3.0800E+02 0.0000E+00
  3.1000E+02 0.0000E+00
  3.1200E+02 0.0000E+00
  3.1400E+02 0.0000E+00
  3.1600E+02 0.0000E+00
  3.1800E+02 0.0000E+00
  3.2000E+02 0.0000E+00
  3.2200E+02 0.0000E+00
  3.2400E+02 0.0000E+00
  3.2600E+02 0.0000E+00
  3.2800E+02 0.0000E+00
  3.3000E+02 0.0000E+00
  3.3200E+02 0.0000E+00
  3.3400E+02 0.0000E+00
  3.3600E+02 0.0000E+00
  3.3800E+02 0.0000E+00
  3.4000E+02 0.0000E+00
  3.4200E+02 0.0000E+00
  3.4400E+02 0.0000E+00
  3.4600E+02 0.0000E+00
  3.4800E+02 0.0000E+00
  3.5000E+02 0.0000E+00
  3.5200E+02 0.0000E+00
  3.5400E+02 0.0000E+00
  3.5600E+02 0.0000E+00
  3.5800E+02 0.0000E+00
  3.6000E+02 0.0000E+00
  3.6200E+02 0.0000E+00
  3.6400E+02 0.0000E+00
  3.6600E+02 0.0000E+00
  3.6800E+02 0.0000E+00
  3.7000E+02 0.0000E+00
  3.7200E+02 0.0000E+00
  3.7400E+02 0.0000E+00
  3.7600E+02 0.0000E+00
  3.7800E+02 0.0000E+00
  3.8000E+02 0.0000E+00
  3.8200E+02 0.0000E+00
  3.8400E+02 0.0000E+00
  3.8600E+02 0.0000E+00
  3.8800E+02 0.0000E+00
  3.9000E+02 0.0000E+00
  3.9200E+02 0.0000E+00
  3.9400E+02 0.0000E+00
  3.9600E+02 0.0000E+00
  3.9800E+02 0.0000E+00
  4.0000E+02 0.0000E+00
  4.0200E+02 0.0000E+00
  4.0400E+02 0.0000E+00
  4.0600E+02 0.0000E+00
  4.0800E+02 0.0000E+00
  4.1000E+02 0.0000E+00
  4.1200E+02 0.0000E+00
  4.1400E+02 0.0000E+00
  4.1600E+02 0.0000E+00
  4.1800E+02 0.0000E+00
  4.2000E+02 0.0000E+00
  4.2200E+02 0.0000E+00
  4.2400E+02 0.0000E+00
  4.2600E+02 0.0000E+00
  4.2800E+02 0.0000E+00
  4.3000E+02 0.0000E+00
  4.3200E+02 0.0000E+00
  4.3400E+02 0.0000E+00
  4.3600E+02 0.0000E+00
  4.3800E+02 0.0000E+00
  4.4000E+02 0.0000E+00
  4.4200E+02 0.0000E+00
  4.4400E+02 0.0000E+00
  4.4600E+02 0.0000E+00
  4.4800E+02 0.0000E+00
  4.5000E+02 0.0000E+00
  4.5200E+02 0.0000E+00
  4.5400E+02 0.0000E+00
  4.5600E+02 0.0000E+00
  4.5800E+02 0.0000E+00
  4.6000E+02 0.0000E+00
  4.6200E+02 0.0000E+00
  4.6400E+02 0.0000E+00
  4.6600E+02 0.0000E+00
  4.6800E+02 0.0000E+00
  4.7000E+02 0.0000E+00
  4.7200E+02 0.0000E+00
  4.7400E+02 0.0000E+00
  4.7600E+02 0.0000E+00
  4.7800E+02 0.0000E+00
  4.8000E+02 0.0000E+00
  4.8200E+02 0.0000E+00
  4.8400E+02 0.0000E+00
  4.8600E+02 0.0000E+00
  4.8800E+02 0.0000E+00
  4.9000E+02 0.0000E+00
  4.9200E+02 0.0000E+00
  4.9400E+02 0.0000E+00
  4.9600E+02 0.0000E+00
  4.9800E+02 0.0000E+00
  5.0000E+02 0.0000E+00
  5.0200E+02 0.0000E+00
  5.0400E+02 0.0000E+00
  5.0600E+02 0.0000E+00
  5.0800E+02 0.0000E+00
  5.1000E+02 0.0000E+00
  5.1200E+02 0.0000E+00
  5.1400E+02 0.0000E+00
  5.1600E+02 0.0000E+00
  5.1800E+02 0.0000E+00
  5.2000E+02 0.0000E+00
  5.2200E+02 0.0000E+00
  5.2400E+02 0.0000E+00
  5.2600E+02 0.0000E+00
  5.2800E+02 0.0000E+00
  5.3000E+02 0.0000E+00
  5.3200E+02 0.0000E+00
  5.3400E+02 0.0000E+00
  5.3600E+02 0.0000E+00
  5.3800E+02 0.0000E+00
  5.4000E+02 0.0000E+00
  5.4200E+02 0.0000E+00
  5.4400E+02 0.0000E+00
  5.4600E+02 0.0000E+00
  5.4800E+02 0.0000E+00
  5.5000E+02 0.0000E+00
  5.5200E+02 0.0000E+00
  5.5400E+02 0.0000E+00
  5.5600E+02 0.0000E+00
  5.5800E+02 0.0000E+00
  5.6000E+02 0.0000E+00
  5.6200E+02 0.0000E+00
  5.6400E+02 0.0000E+00
  5.6600E+02 0.0000E+00
  5.6800E+02 0.0000E+00
  5.7000E+02 0.0000E+00
  5.7200E+02 0.0000E+00
  5.7400E+02 0.0000E+00
  5.7600E+02 0.0000E+00
  5.7800E+02 0.0000E+00
  5.8000E+02 0.0000E+00
  5.8200E+02 0.0000E+00
  5.8400E+02 0.0000E+00
  5.8600E+02 0.0000E+00
  5.8800E+02 0.0000E+00
  5.9000E+02 0.0000E+00
  5.9200E+02 0.0000E+00
  5.9400E+02 0.0000E+00
  5.9600E+02 0.0000E+00
  5.9800E+02 0.0000E+00
  6.0000E+02 0.0000E+00
  6.0200E+02 0.0000E+00
  6.0400E+02 0.0000E+00
  6.0600E+02 0.0000E+00
  6.0800E+02 0.0000E+00
  6.1000E+02 0.0000E+00
  6.1200E+02 0.0000E+00
  6.1400E+02 0.0000E+00
  6.1600E+02 0.0000E+00
  6.1800E+02 0.0000E+00
  6.2000E+02 0.0000E+00
  6.2200E+02 0.0000E+00
  6.2400E+02 0.0000E+00
  6.2600E+02 0.0000E+00
  6.2800E+02 0.0000E+00
  6.3000E+02 0.0000E+00
  6.3200E+02 0.0000E+00
  6.3400E+02 0.0000E+00
  6.3600E+02 0.0000E+00
  6.3800E+02 0.0000E+00
  6.4000E+02 0.0000E+00
  6.4200E+02 0.0000E+00
  6.4400E+02 0.0000E+00
  6.4600E+02 0.0000E+00
  6.4800E+02 0.0000E+00
  6.5000E+02 0.0000E+00
  6.5200E+02 0.0000E+00
  6.5400E+02 0.0000E+00
  6.5600E+02 0.0000E+00
  6.5800E+02 0.0000E+00
  6.6000E+02 0.0000E+00
  6.6200E+02 0.0000E+00
  6.6400E+02 0.0000E+00
  6.6600E+02 0.0000E+00
  6.6800E+02 0.0000E+00
  6.7000E+02 0.0000E+00
  6.7200E+02 0.0000E+00
  6.7400E+02 0.0000E+00
  6.7600E+02 0.0000E+00
  6.7800E+02 0.0000E+00
  6.8000E+02 0.0000E+00
  6.8200E+02 0.0000E+00
  6.8400E+02 0.0000E+00
  6.8600E+02 0.0000E+00
  6.8800E+02 0.0000E+00
  6.9000E+02 0.0000E+00
  6.9200E+02 0.0000E+00
  6.9400E+02 0.0000E+00
  6.9600E+02 0.0000E+00
  6.9800E+02 0.0000E+00
  7.0000E+02 0.0000E+00
  7.0200E+02 0.0000E+00
  7.0400E+02 0.0000E+00
  7.0600E+02 0.0000E+00
  7.0800E+02 0.0000E+00
  7.1000E+02 0.0000E+00
  7.1200E+02 0.0000E+00
  7.1400E+02 0.0000E+00
  7.1600E+02 0.0000E+00
  7.1800E+02 0.0000E+00
  7.2000E+02 0.0000E+00
  7.2200E+02 0.0000E+00
  7.2400E+02 0.0000E+00
  7.2600E+02 0.0000E+00
  7.2800E+02 0.0000E+00
  7.3000E+02 0.0000E+00
  7.3200E+02 0.0000E+00
  7.3400E+02 0.0000E+00
  7.3600E+02 0.0000E+00
  7.3800E+02 0.0000E+00
  7.4000E+02 0.0000E+00
  7.4200E+02 0.0000E+00
  7.4400E+02 0.0000E+00
  7.4600E+02 0.0000E+00
  7.4800E+02 0.0000E+00
  7.5000E+02 0.0000E+00
  7.5200E+02 0.0000E+00
  7.5400E+02 0.0000E+00
  7.5600E+02 0.0000E+00
  7.5800E+02 0.0000E+00
  7.6000E+02 0.0000E+00
  7.6200E+02 0.0000E+00
  7.6400E+02 0.0000E+00
  7.6600E+02 0.0000E+00
  7.6800E+02 0.0000E+00
  7.7000E+02 0.0000E+00
  7.7200E+02 0.0000E+00
  7.7400E+02 0.0000E+00
  7.7600E+02 0.0000E+00
  7.7800E+02 0.0000E+00
  7.8000E+02 0.0000E+00
  7.8200E+02 0.0000E+00
  7.8400E+02 0.0000E+00
  7.8600E+02 0.0000E+00
  7.8800E+02 0.0000E+00
  7.9000E+02 0.0000E+00
  7.9200E+02 0.0000E+00
  7.9400E+02 0.0000E+00
  7.9600E+02 0.0000E+00
  7.9800E+02 0.0000E+00
  8.0000E+02 0.0000E+00
  8.0200E+02 0.0000E+00
  8.0400E+02 0.0000E+00
  8.0600E+02 0.0000E+00
  8.0800E+02 0.0000E+00
  8.1000E+02 0.0000E+00
  8.1200E+02 0.0000E+00
  8.1400E+02 0.0000E+00
  8.1600E+02 0.0000E+00
  8.1800E+02 0.0000E+00
  8.2000E+02 0.0000E+00
  8.2200E+02 0.0000E+00
  8.2400E+02 0.0000E+00
  8.2600E+02 0.0000E+00
  8.2800E+02 0.0000E+00
  8.3000E+02 0.0000E+00
  8.3200E+02 0.0000E+00
  8.3400E+02 0.0000E+00
  8.3600E+02 0.0000E+00
  8.3800E+02 0.0000E+00
  8.4000E+02 0.0000E+00
  8.4200E+02 0.0000E+00
  8.4400E+02 0.0000E+00
  8.4600E+02 0.0000E+00
  8.4800E+02 0.0000E+00
  8.5000E+02 0.0000E+00
  8.5200E+02 0.0000E+00
  8.5400E+02 0.0000E+00
  8.5600E+02 0.0000E+00
  8.5800E+02 0.0000E+00
  8.6000E+02 0.0000E+00
  8.6200E+02 0.0000E+00
  8.6400E+02 0.0000E+00
  8.6600E+02 0.0000E+00
  8.6800E+02 0.0000E+00
  8.7000E+02 0.0000E+00
  8.7200E+02 0.0000E+00
  8.7400E+02 0.0000E+00
  8.7600E+02 0.0000E+00
  8.7800E+02 0.0000E+00
  8.8000E+02 0.0000E+00
  8.8200E+02 0.0000E+00
  8.8400E+02 0.0000E+00
  8.8600E+02 0.0000E+00
  8.8800E+02 0.0000E+00
  8.9000E+02 0.0000E+00
  8.9200E+02 0.0000E+00
  8.9400E+02 0.0000E+00
  8.9600E+02 0.0000E+00
  8.9800E+02 0.0000E+00
  9.0000E+02 0.0000E+00
  9.0200E+02 0.0000E+00
  9.0400E+02 0.0000E+00
  9.0600E+02 0.0000E+00
  9.0800E+02 0.0000E+00
  9.1000E+02 0.0000E+00
  9.1200E+02 0.0000E+00
  9.1400E+02 0.0000E+00
  9.1600E+02 0.0000E+00
  9.1800E+02 0.0000E+00
  9.2000E+02 0.0000E+00
  9.2200E+02 0.0000E+00
  9.2400E+02 0.0000E+00
  9.2600E+02 0.0000E+00
  9.2800E+02 0.0000E+00
  9.3000E+02 0.0000E+00
  9.3200E+02 0.0000E+00
  9.3400E+02 0.0000E+00
  9.3600E+02 0.0000E+00
  9.3800E+02 0.0000E+00
  9.4000E+02 0.0000E+00
  9.4200E+02 0.0000E+00
  9.4400E+02 0.0000E+00
  9.4600E+02 0.0000E+00
  9.4800E+02 0.0000E+00
  9.5000E+02 0.0000E+00
  9.5200E+02 0.0000E+00
  9.5400E+02 0.0000E+00
  9.5600E+02 0.0000E+00
  9.5800E+02 0.0000E+00
  9.6000E+02 0.0000E+00
  9.6200E+02 0.0000E+00
  9.6400E+02 0.0000E+00
  9.6600E+02 0.0000E+00
  9.6800E+02 0.0000E+00
  9.7000E+02 0.0000E+00
  9.7200E+02 0.0000E+00
  9.7400E+02 0.0000E+00
  9.7600E+02 0.0000E+00
  9.7800E+02 0.0000E+00
  9.8000E+02 0.0000E+00
  9.8200E+02 0.0000E+00
  9.8400E+02 0.0000E+00
  9.8600E+02 0.0000E+00
  9.8800E+02 0.0000E+00
  9.9000E+02 0.0000E+00
  9.9200E+02 0.0000E+00
  9.9400E+02 0.0000E+00
  9.9600E+02 0.0000E+00
  9.9800E+02 0.0000E+00
  1.0000E+03 0.0000E+00
  1.0020E+03 0.0000E+00
  1.0040E+03 0.0000E+00
  1.0060E+03 0.0000E+00
  1.0080E+03 0.0000E+00
  1.0100E+03 0.0000E+00
  1.0120E+03 0.0000E+00
  1.0140E+03 0.0000E+00
  1.0160E+03 0.0000E+00
  1.0180E+03 0.0000E+00
  1.0200E+03 0.0000E+00
  1.0220E+03 0.0000E+00
  1.0240E+03 0.0000E+00
  1.0260E+03 0.0000E+00
  1.0280E+03 0.0000E+00
  1.0300E+03 0.0000E+00
  1.0320E+03 0.0000E+00
  1.0340E+03 0.0000E+00
  1.0360E+03 0.0000E+00
  1.0380E+03 0.0000E+00
  1.0400E+03 0.0000E+00
  1.0420E+03 0.0000E+00
  1.0440E+03 0.0000E+00
  1.0460E+03 0.0000E+00
  1.0480E+03 0.0000E+00
  1.0500E+03 0.0000E+00
  1.0520E+03 0.0000E+00
  1.0540E+03 0.0000E+00
  1.0560E+03 0.0000E+00
  1.0580E+03 0.0000E+00
  1.0600E+03 0.0000E+00
  1.0620E+03 0.0000E+00
  1.0640E+03 0.0000E+00
  1.0660E+03 0.0000E+00
  1.0680E+03 0.0000E+00
  1.0700E+03 0.0000E+00
  1.0720E+03 0.0000E+00
  1.0740E+03 0.0000E+00
  1.0760E+03 0.0000E+00
  1.0780E+03 0.0000E+00
  1.0800E+03 0.0000E+00
  1.0820E+03 0.0000E+00
  1.0840E+03 0.0000E+00
  1.0860E+03 0.0000E+00
  1.0880E+03 0.0000E+00
  1.0900E+03 0.0000E+00
  1.0920E+03 0.0000E+00
  1.0940E+03 0.0000E+00
  1.0960E+03 0.0000E+00
  1.0980E+03 0.0000E+00
  1.1000E+03 0.0000E+00
  1.1020E+03 0.0000E+00
  1.1040E+03 0.0000E+00
  1.1060E+03 0.0000E+00
  1.1080E+03 0.0000E+00
  1.1100E+03 0.0000E+00
  1.1120E+03 0.0000E+00
  1.1140E+03 0.0000E+00
  1.1160E+03 0.0000E+00
  1.1180E+03 0.0000E+00
  1.1200E+03 0.0000E+00
  1.1220E+03 0.0000E+00
  1.1240E+03 0.0000E+00
  1.1260E+03 0.0000E+00
  1.1280E+03 0.0000E+00
  1.1300E+03 0.0000E+00
  1.1320E+03 0.0000E+00
  1.1340E+03 0.0000E+00
  1.1360E+03 0.0000E+00
  1.1380E+03 0.0000E+00
  1.1400E+03 0.0000E+00
  1.1420E+03 0.0000E+00
  1.1440E+03 0.0000E+00
  1.1460E+03 0.0000E+00
  1.1480E+03 0.0000E+00
  1.1500E+03 0.0000E+00
  1.1520E+03 0.0000E+00
  1.1540E+03 0.0000E+00
  1.1560E+03 0.0000E+00
  1.1580E+03 0.0000E+00
  1.1600E+03 0.0000E+00
  1.1620E+03 0.0000E+00
  1.1640E+03 0.0000E+00
  1.1660E+03 0.0000E+00
  1.1680E+03 0.0000E+00
  1.1700E+03 0.0000E+00
  1.1720E+03 0.0000E+00
  1.1740E+03 0.0000E+00
  1.1760E+03 0.0000E+00
  1.1780E+03 0.0000E+00
  1.1800E+03 0.0000E+00
  1.1820E+03 0.0000E+00
  1.1840E+03 0.0000E+00
  1.1860E+03 0.0000E+00
  1.1880E+03 0.0000E+00
  1.1900E+03 0.0000E+00
  1.1920E+03 0.0000E+00
  1.1940E+03 0.0000E+00
  1.1960E+03 0.0000E+00
  1.1980E+03 0.0000E+00
  1.2000E+03 0.0000E+00
  1.2020E+03 0.0000E+00
  1.2040E+03 0.0000E+00
  1.2060E+03 0.0000E+00
  1.2080E+03 0.0000E+00
  1.2100E+03 0.0000E+00
  1.2120E+03 0.0000E+00
  1.2140E+03 0.0000E+00
  1.2160E+03 0.0000E+00
  1.2180E+03 0.0000E+00
  1.2200E+03 0.0000E+00
  1.2220E+03 0.0000E+00
  1.2240E+03 0.0000E+00
  1.2260E+03 0.0000E+00
  1.2280E+03 0.0000E+00
  1.2300E+03 0.0000E+00
  1.2320E+03 0.0000E+00
  1.2340E+03 0.0000E+00
  1.2360E+03 0.0000E+00
  1.2380E+03 0.0000E+00
  1.2400E+03 0.0000E+00
  1.2420E+03 0.0000E+00
  1.2440E+03 0.0000E+00
  1.2460E+03 0.0000E+00
  1.2480E+03 0.0000E+00
  1.2500E+03 0.0000E+00
  1.2520E+03 0.0000E+00
  1.2540E+03 0.0000E+00
  1.2560E+03 0.0000E+00
  1.2580E+03 0.0000E+00
  1.2600E+03 0.0000E+00
  1.2620E+03 0.0000E+00
  1.2640E+03 0.0000E+00
  1.2660E+03 0.0000E+00
  1.2680E+03 0.0000E+00
  1.2700E+03 0.0000E+00
  1.2720E+03 0.0000E+00
  1.2740E+03 0.0000E+00
  1.2760E+03 0.0000E+00
  1.2780E+03 0.0000E+00
  1.2800E+03 0.0000E+00
  1.2820E+03 0.0000E+00
  1.2840E+03 0.0000E+00
  1.2860E+03 0.0000E+00
  1.2880E+03 0.0000E+00
  1.2900E+03 0.0000E+00
  1.2920E+03 0.0000E+00
  1.2940E+03 0.0000E+00
  1.2960E+03 0.0000E+00
  1.2980E+03 0.0000E+00
  1.3000E+03 0.0000E+00
  1.3020E+03 0.0000E+00
  1.3040E+03 0.0000E+00
  1.3060E+03 0.0000E+00
  1.3080E+03 0.0000E+00
  1.3100E+03 0.0000E+00
  1.3120E+03 0.0000E+00
  1.3140E+03 0.0000E+00
  1.3160E+03 0.0000E+00
  1.3180E+03 0.0000E+00
  1.3200E+03 0.0000E+00
  1.3220E+03 0.0000E+00
  1.3240E+03 0.0000E+00
  1.3260E+03 0.0000E+00
  1.3280E+03 0.0000E+00
  1.3300E+03 0.0000E+00
  1.3320E+03 0.0000E+00
  1.3340E+03 0.0000E+00
  1.3360E+03 0.0000E+00
  1.3380E+03 0.0000E+00
  1.3400E+03 0.0000E+00
  1.3420E+03 0.0000E+00
  1.3440E+03 0.0000E+00
  1.3460E+03 0.0000E+00
  1.3480E+03 0.0000E+00
  1.3500E+03 0.0000E+00
  1.3520E+03 0.0000E+00
  1.3540E+03 0.0000E+00
  1.3560E+03 0.0000E+00
  1.3580E+03 0.0000E+00
  1.3600E+03 0.0000E+00
  1.3620E+03 0.0000E+00
  1.3640E+03 0.0000E+00
  1.3660E+03 0.0000E+00
  1.3680E+03 0.0000E+00
  1.3700E+03 0.0000E+00
  1.3720E+03 0.0000E+00
  1.3740E+03 0.0000E+00
  1.3760E+03 0.0000E+00
  1.3780E+03 0.0000E+00
  1.3800E+03 0.0000E+00
  1.3820E+03 0.0000E+00
  1.3840E+03 0.0000E+00
  1.3860E+03 0.0000E+00
  1.3880E+03 0.0000E+00
  1.3900E+03 0.0000E+00
  1.3920E+03 0.0000E+00
  1.3940E+03 0.0000E+00
  1.3960E+03 0.0000E+00
  1.3980E+03 0.0000E+00
  1.4000E+03 0.0000E+00
  1.4020E+03 0.0000E+00
  1.4040E+03 0.0000E+00
  1.4060E+03 0.0000E+00
  1.4080E+03 0.0000E+00
  1.4100E+03 0.0000E+00
  1.4120E+03 0.0000E+00
  1.4140E+03 0.0000E+00
  1.4160E+03 0.0000E+00
  1.4180E+03 0.0000E+00
  1.4200E+03 0.0000E+00
  1.4220E+03 0.0000E+00
  1.4240E+03 0.0000E+00
  1.4260E+03 0.0000E+00
  1.4280E+03 0.0000E+00
  1.4300E+03 0.0000E+00
  1.4320E+03 0.0000E+00
  1.4340E+03 0.0000E+00
  1.4360E+03 0.0000E+00
  1.4380E+03 0.0000E+00
  1.4400E+03 0.0000E+00
  1.4420E+03 0.0000E+00
  1.4440E+03 0.0000E+00
  1.4460E+03 0.0000E+00
  1.4480E+03 0.0000E+00
  1.4500E+03 0.0000E+00
  1.4520E+03 0.0000E+00
  1.4540E+03 0.0000E+00
  1.4560E+03 0.0000E+00
  1.4580E+03 0.0000E+00
  1.4600E+03 0.0000E+00
  1.4620E+03 0.0000E+00
  1.4640E+03 0.0000E+00
  1.4660E+03 0.0000E+00
  1.4680E+03 0.0000E+00
  1.4700E+03 0.0000E+00
  1.4720E+03 0.0000E+00
  1.4740E+03 0.0000E+00
  1.4760E+03 0.0000E+00
  1.4780E+03 0.0000E+00
  1.4800E+03 0.0000E+00
  1.4820E+03 0.0000E+00
  1.4840E+03 0.0000E+00
  1.4860E+03 0.0000E+00
  1.4880E+03 0.0000E+00
  1.4900E+03 0.0000E+00
  1.4920E+03 0.0000E+00
  1.4940E+03 0.0000E+00
  1.4960E+03 2.1000E-16
  1.4980E+03 2.1000E-16
  1.5000E+03 1.4000E-16
  1.5020E+03 1.4000E-16
  1.5040E+03 4.8000E-16
  1.5060E+03 0.0000E+00
  1.5080E+03 0.0000E+00
  1.5100E+03 0.0000E+00
  1.5120E+03 0.0000E+00
  1.5140E+03 0.0000E+00
  1.5160E+03 0.0000E+00
  1.5180E+03 0.0000E+00
  1.5200E+03 0.0000E+00
  1.5220E+03 0.0000E+00
  1.5240E+03 0.0000E+00
  1.5260E+03 0.0000E+00
  1.5280E+03 0.0000E+00
  1.5300E+03 0.0000E+00
  1.5320E+03 0.0000E+00
  1.5340E+03 0.0000E+00
  1.5360E+03 0.0000E+00
  1.5380E+03 0.0000E+00
  1.5400E+03 0.0000E+00
  1.5420E+03 0.0000E+00
  1.5440E+03 0.0000E+00
  1.5460E+03 0.0000E+00
  1.5480E+03 0.0000E+00
  1.5500E+03 0.0000E+00
  1.5520E+03 0.0000E+00
  1.5540E+03 0.0000E+00
  1.5560E+03 0.0000E+00
  1.5580E+03 0.0000E+00
  1.5600E+03 0.0000E+00
  1.5620E+03 0.0000E+00
  1.5640E+03 0.0000E+00
  1.5660E+03 0.0000E+00
  1.5680E+03 0.0000E+00
  1.5700E+03 0.0000E+00
  1.5720E+03 0.0000E+00
  1.5740E+03 0.0000E+00
  1.5760E+03 0.0000E+00
  1.5780E+03 0.0000E+00
  1.5800E+03 0.0000E+00
  1.5820E+03 0.0000E+00
  1.5840E+03 0.0000E+00
  1.5860E+03 0.0000E+00
  1.5880E+03 0.0000E+00
  1.5900E+03 0.0000E+00
  1.5920E+03 0.0000E+00
  1.5940E+03 0.0000E+00
  1.5960E+03 0.0000E+00
  1.5980E+03 0.0000E+00
  1.6000E+03 0.0000E+00
  1.6020E+03 0.0000E+00
  1.6040E+03 0.0000E+00
  1.6060E+03 0.0000E+00
  1.6080E+03 0.0000E+00
  1.6100E+03 0.0000E+00
  1.6120E+03 0.0000E+00
  1.6140E+03 0.0000E+00
  1.6160E+03 0.0000E+00
  1.6180E+03 0.0000E+00
  1.6200E+03 0.0000E+00
  1.6220E+03 0.0000E+00
  1.6240E+03 0.0000E+00
  1.6260E+03 0.0000E+00
  1.6280E+03 0.0000E+00
  1.6300E+03 0.0000E+00
  1.6320E+03 0.0000E+00
  1.6340E+03 0.0000E+00
  1.6360E+03 0.0000E+00
  1.6380E+03 0.0000E+00
  1.6400E+03 0.0000E+00
  1.6420E+03 0.0000E+00
  1.6440E+03 0.0000E+00
  1.6460E+03 0.0000E+00
  1.6480E+03 0.0000E+00
  1.6500E+03 0.0000E+00
  1.6520E+03 0.0000E+00
  1.6540E+03 0.0000E+00
  1.6560E+03 0.0000E+00
  1.6580E+03 0.0000E+00
  1.6600E+03 0.0000E+00
  1.6620E+03 0.0000E+00
  1.6640E+03 0.0000E+00
  1.6660E+03 0.0000E+00
  1.6680E+03 0.0000E+00
  1.6700E+03 0.0000E+00
  1.6720E+03 0.0000E+00
  1.6740E+03 0.0000E+00
  1.6760E+03 0.0000E+00
  1.6780E+03 0.0000E+00
  1.6800E+03 0.0000E+00
  1.6820E+03 0.0000E+00
  1.6840E+03 0.0000E+00
  1.6860E+03 0.0000E+00
  1.6880E+03 0.0000E+00
  1.6900E+03 0.0000E+00
  1.6920E+03 0.0000E+00
  1.6940E+03 0.0000E+00
  1.6960E+03 0.0000E+00
  1.6980E+03 0.0000E+00
  1.7000E+03 0.0000E+00
  1.7020E+03 0.0000E+00
  1.7040E+03 0.0000E+00
  1.7060E+03 0.0000E+00
  1.7080E+03 0.0000E+00
  1.7100E+03 0.0000E+00
  1.7120E+03 0.0000E+00
  1.7140E+03 0.0000E+00
  1.7160E+03 0.0000E+00
  1.7180E+03 0.0000E+00
  1.7200E+03 0.0000E+00
  1.7220E+03 0.0000E+00
  1.7240E+03 0.0000E+00
  1.7260E+03 0.0000E+00
  1.7280E+03 0.0000E+00
  1.7300E+03 0.0000E+00
  1.7320E+03 0.0000E+00
  1.7340E+03 0.0000E+00
  1.7360E+03 0.0000E+00
  1.7380E+03 0.0000E+00
  1.7400E+03 0.0000E+00
  1.7420E+03 0.0000E+00
  1.7440E+03 0.0000E+00
  1.7460E+03 0.0000E+00
  1.7480E+03 0.0000E+00
  1.7500E+03 0.0000E+00
  1.7520E+03 0.0000E+00
  1.7540E+03 0.0000E+00
  1.7560E+03 0.0000E+00
  1.7580E+03 0.0000E+00
  1.7600E+03 0.0000E+00
  1.7620E+03 0.0000E+00
  1.7640E+03 0.0000E+00
  1.7660E+03 0.0000E+00
  1.7680E+03 0.0000E+00
  1.7700E+03 0.0000E+00
  1.7720E+03 0.0000E+00
  1.7740E+03 0.0000E+00
  1.7760E+03 0.0000E+00
  1.7780E+03 0.0000E+00
  1.7800E+03 0.0000E+00
  1.7820E+03 0.0000E+00
  1.7840E+03 0.0000E+00
  1.7860E+03 0.0000E+00
  1.7880E+03 0.0000E+00
  1.7900E+03 0.0000E+00
  1.7920E+03 0.0000E+00
  1.7940E+03 0.0000E+00
  1.7960E+03 0.0000E+00
  1.7980E+03 0.0000E+00
  1.8000E+03 0.0000E+00
  1.8020E+03 0.0000E+00
  1.8040E+03 0.0000E+00
  1.8060E+03 0.0000E+00
  1.8080E+03 0.0000E+00
  1.8100E+03 0.0000E+00
  1.8120E+03 0.0000E+00
  1.8140E+03 0.0000E+00
  1.8160E+03 0.0000E+00
  1.8180E+03 0.0000E+00
  1.8200E+03 0.0000E+00
  1.8220E+03 0.0000E+00
  1.8240E+03 0.0000E+00
  1.8260E+03 0.0000E+00
  1.8280E+03 0.0000E+00
  1.8300E+03 0.0000E+00
  1.8320E+03 0.0000E+00
  1.8340E+03 0.0000E+00
  1.8360E+03 0.0000E+00
  1.8380E+03 0.0000E+00
  1.8400E+03 0.0000E+00
  1.8420E+03 0.0000E+00
  1.8440E+03 0.0000E+00
  1.8460E+03 0.0000E+00
  1.8480E+03 0.0000E+00
  1.8500E+03 0.0000E+00
  1.8520E+03 0.0000E+00
  1.8540E+03 0.0000E+00
  1.8560E+03 0.0000E+00
  1.8580E+03 0.0000E+00
  1.8600E+03 0.0000E+00
  1.8620E+03 0.0000E+00
  1.8640E+03 0.0000E+00
  1.8660E+03 0.0000E+00
  1.8680E+03 0.0000E+00
  1.8700E+03 0.0000E+00
  1.8720E+03 0.0000E+00
  1.8740E+03 0.0000E+00
  1.8760E+03 0.0000E+00
  1.8780E+03 0.0000E+00
  1.8800E+03 0.0000E+00
  1.8820E+03 0.0000E+00
  1.8840E+03 0.0000E+00
  1.8860E+03 0.0000E+00
  1.8880E+03 0.0000E+00
  1.8900E+03 0.0000E+00
  1.8920E+03 0.0000E+00
  1.8940E+03 0.0000E+00
  1.8960E+03 0.0000E+00
  1.8980E+03 0.0000E+00
  1.9000E+03 0.0000E+00
  1.9020E+03 0.0000E+00
  1.9040E+03 0.0000E+00
  1.9060E+03 0.0000E+00
  1.9080E+03 0.0000E+00
  1.9100E+03 0.0000E+00
  1.9120E+03 0.0000E+00
  1.9140E+03 0.0000E+00
  1.9160E+03 0.0000E+00
  1.9180E+03 0.0000E+00
  1.9200E+03 0.0000E+00
  1.9220E+03 0.0000E+00
  1.9240E+03 0.0000E+00
  1.9260E+03 0.0000E+00
  1.9280E+03 0.0000E+00
  1.9300E+03 0.0000E+00
  1.9320E+03 0.0000E+00
  1.9340E+03 0.0000E+00
  1.9360E+03 0.0000E+00
  1.9380E+03 0.0000E+00
  1.9400E+03 0.0000E+00
  1.9420E+03 0.0000E+00
  1.9440E+03 0.0000E+00
  1.9460E+03 0.0000E+00
  1.9480E+03 0.0000E+00
  1.9500E+03 0.0000E+00
  1.9520E+03 0.0000E+00
  1.9540E+03 0.0000E+00
  1.9560E+03 0.0000E+00
  1.9580E+03 0.0000E+00
  1.9600E+03 0.0000E+00
  1.9620E+03 0.0000E+00
  1.9640E+03 0.0000E+00
  1.9660E+03 0.0000E+00
  1.9680E+03 0.0000E+00
  1.9700E+03 0.0000E+00
  1.9720E+03 0.0000E+00
  1.9740E+03 0.0000E+00
  1.9760E+03 0.0000E+00
  1.9780E+03 0.0000E+00
  1.9800E+03 0.0000E+00
  1.9820E+03 0.0000E+00
  1.9840E+03 0.0000E+00
  1.9860E+03 0.0000E+00
  1.9880E+03 0.0000E+00
  1.9900E+03 0.0000E+00
  1.9920E+03 0.0000E+00
  1.9940E+03 0.0000E+00
  1.9960E+03 0.0000E+00
  1.9980E+03 0.0000E+00
  2.0000E+03 0.0000E+00
  2.0020E+03 0.0000E+00
  2.0040E+03 0.0000E+00
  2.0060E+03 0.0000E+00
  2.0080E+03 0.0000E+00
  2.0100E+03 0.0000E+00
  2.0120E+03 0.0000E+00
  2.0140E+03 0.0000E+00
  2.0160E+03 0.0000E+00
  2.0180E+03 0.0000E+00
  2.0200E+03 0.0000E+00
  2.0220E+03 0.0000E+00
  2.0240E+03 0.0000E+00
  2.0260E+03 0.0000E+00
  2.0280E+03 0.0000E+00
  2.0300E+03 0.0000E+00
  2.0320E+03 0.0000E+00
  2.0340E+03 0.0000E+00
  2.0360E+03 0.0000E+00
  2.0380E+03 0.0000E+00
  2.0400E+03 0.0000E+00
  2.0420E+03 0.0000E+00
  2.0440E+03 0.0000E+00
  2.0460E+03 0.0000E+00
  2.0480E+03 0.0000E+00
  2.0500E+03 0.0000E+00
  2.0520E+03 0.0000E+00
  2.0540E+03 0.0000E+00
  2.0560E+03 0.0000E+00
  2.0580E+03 0.0000E+00
  2.0600E+03 0.0000E+00
  2.0620E+03 0.0000E+00
  2.0640E+03 0.0000E+00
  2.0660E+03 0.0000E+00
  2.0680E+03 0.0000E+00
  2.0700E+03 0.0000E+00
  2.0720E+03 0.0000E+00
  2.0740E+03 0.0000E+00
  2.0760E+03 0.0000E+00
  2.0780E+03 0.0000E+00
  2.0800E+03 0.0000E+00
  2.0820E+03 0.0000E+00
  2.0840E+03 0.0000E+00
  2.0860E+03 0.0000E+00
  2.0880E+03 0.0000E+00
  2.0900E+03 0.0000E+00
  2.0920E+03 0.0000E+00
  2.0940E+03 0.0000E+00
  2.0960E+03 0.0000E+00
  2.0980E+03 0.0000E+00
  2.1000E+03 0.0000E+00
  2.1020E+03 0.0000E+00
  2.1040E+03 0.0000E+00
  2.1060E+03 0.0000E+00
  2.1080E+03 0.0000E+00
  2.1100E+03 0.0000E+00
  2.1120E+03 0.0000E+00
  2.1140E+03 0.0000E+00
  2.1160E+03 0.0000E+00
  2.1180E+03 0.0000E+00
  2.1200E+03 0.0000E+00
  2.1220E+03 0.0000E+00
  2.1240E+03 0.0000E+00
  2.1260E+03 0.0000E+00
  2.1280E+03 0.0000E+00
  2.1300E+03 0.0000E+00
  2.1320E+03 0.0000E+00
  2.1340E+03 0.0000E+00
  2.1360E+03 0.0000E+00
  2.1380E+03 0.0000E+00
  2.1400E+03 0.0000E+00
  2.1420E+03 0.0000E+00
  2.1440E+03 0.0000E+00
  2.1460E+03 0.0000E+00
  2.1480E+03 0.0000E+00
  2.1500E+03 0.0000E+00
  2.1520E+03 0.0000E+00
  2.1540E+03 0.0000E+00
  2.1560E+03 0.0000E+00
  2.1580E+03 0.0000E+00
  2.1600E+03 1.4200E-16
  2.1620E+03 1.4200E-16
  2.1640E+03 1.5530E-16
  2.1660E+03 0.0000E+00
  2.1680E+03 0.0000E+00
  2.1700E+03 0.0000E+00
  2.1720E+03 0.0000E+00
  2.1740E+03 0.0000E+00
  2.1760E+03 0.0000E+00
  2.1780E+03 0.0000E+00
  2.1800E+03 0.0000E+00
  2.1820E+03 0.0000E+00
  2.1840E+03 0.0000E+00
  2.1860E+03 0.0000E+00
  2.1880E+03 0.0000E+00
  2.1900E+03 0.0000E+00
  2.1920E+03 0.0000E+00
  2.1940E+03 0.0000E+00
  2.1960E+03 0.0000E+00
  2.1980E+03 0.0000E+00
  2.2000E+03 0.0000E+00
  2.2020E+03 0.0000E+00
  2.2040E+03 0.0000E+00
  2.2060E+03 0.0000E+00
  2.2080E+03 0.0000E+00
  2.2100E+03 0.0000E+00
  2.2120E+03 0.0000E+00
  2.2140E+03 0.0000E+00
  2.2160E+03 0.0000E+00
  2.2180E+03 0.0000E+00
  2.2200E+03 0.0000E+00
  2.2220E+03 0.0000E+00
  2.2240E+03 0.0000E+00
  2.2260E+03 0.0000E+00
  2.2280E+03 0.0000E+00
  2.2300E+03 0.0000E+00
  2.2320E+03 0.0000E+00
  2.2340E+03 0.0000E+00
  2.2360E+03 0.0000E+00
  2.2380E+03 0.0000E+00
  2.2400E+03 0.0000E+00
  2.2420E+03 0.0000E+00
  2.2440E+03 0.0000E+00
  2.2460E+03 0.0000E+00
  2.2480E+03 0.0000E+00
  2.2500E+03 0.0000E+00
  2.2520E+03 0.0000E+00
  2.2540E+03 0.0000E+00
  2.2560E+03 0.0000E+00
  2.2580E+03 0.0000E+00
  2.2600E+03 0.0000E+00
  2.2620E+03 0.0000E+00
  2.2640E+03 0.0000E+00
  2.2660E+03 0.0000E+00
  2.2680E+03 0.0000E+00
  2.2700E+03 0.0000E+00
  2.2720E+03 0.0000E+00
  2.2740E+03 0.0000E+00
  2.2760E+03 0.0000E+00
  2.2780E+03 0.0000E+00
  2.2800E+03 0.0000E+00
  2.2820E+03 0.0000E+00
  2.2840E+03 0.0000E+00
  2.2860E+03 0.0000E+00
  2.2880E+03 0.0000E+00
  2.2900E+03 0.0000E+00
  2.2920E+03 0.0000E+00
  2.2940E+03 0.0000E+00
  2.2960E+03 0.0000E+00
  2.2980E+03 0.0000E+00
  2.3000E+03 0.0000E+00
  2.3020E+03 0.0000E+00
  2.3040E+03 0.0000E+00
  2.3060E+03 0.0000E+00
  2.3080E+03 0.0000E+00
  2.3100E+03 0.0000E+00
  2.3120E+03 0.0000E+00
  2.3140E+03 0.0000E+00
  2.3160E+03 0.0000E+00
  2.3180E+03 0.0000E+00
  2.3200E+03 0.0000E+00
  2.3220E+03 0.0000E+00
  2.3240E+03 0.0000E+00
  2.3260E+03 0.0000E+00
  2.3280E+03 0.0000E+00
  2.3300E+03 0.0000E+00
  2.3320E+03 0.0000E+00
  2.3340E+03 0.0000E+00
  2.3360E+03 0.0000E+00
  2.3380E+03 0.0000E+00
  2.3400E+03 0.0000E+00
  2.3420E+03 0.0000E+00
  2.3440E+03 0.0000E+00
  2.3460E+03 0.0000E+00
  2.3480E+03 0.0000E+00
  2.3500E+03 0.0000E+00
  2.3520E+03 0.0000E+00
  2.3540E+03 0.0000E+00
  2.3560E+03 0.0000E+00
  2.3580E+03 0.0000E+00
  2.3600E+03 0.0000E+00
  2.3620E+03 0.0000E+00
  2.3640E+03 0.0000E+00
  2.3660E+03 0.0000E+00
  2.3680E+03 0.0000E+00
  2.3700E+03 0.0000E+00
  2.3720E+03 0.0000E+00
  2.3740E+03 0.0000E+00
  2.3760E+03 0.0000E+00
  2.3780E+03 0.0000E+00
  2.3800E+03 0.0000E+00
  2.3820E+03 0.0000E+00
  2.3840E+03 0.0000E+00
  2.3860E+03 0.0000E+00
  2.3880E+03 0.0000E+00
  2.3900E+03 0.0000E+00
  2.3920E+03 0.0000E+00
  2.3940E+03 0.0000E+00
  2.3960E+03 0.0000E+00
  2.3980E+03 0.0000E+00
  2.4000E+03 0.0000E+00
  2.4020E+03 0.0000E+00
  2.4040E+03 0.0000E+00
  2.4060E+03 0.0000E+00
  2.4080E+03 0.0000E+00
  2.4100E+03 0.0000E+00
  2.4120E+03 0.0000E+00
  2.4140E+03 0.0000E+00
  2.4160E+03 0.0000E+00
  2.4180E+03 0.0000E+00
  2.4200E+03 0.0000E+00
  2.4220E+03 0.0000E+00
  2.4240E+03 0.0000E+00
  2.4260E+03 0.0000E+00
  2.4280E+03 0.0000E+00
  2.4300E+03 0.0000E+00
  2.4320E+03 0.0000E+00
  2.4340E+03 0.0000E+00
  2.4360E+03 0.0000E+00
  2.4380E+03 0.0000E+00
  2.4400E+03 0.0000E+00
  2.4420E+03 0.0000E+00
  2.4440E+03 0.0000E+00
  2.4460E+03 0.0000E+00
  2.4480E+03 0.0000E+00
  2.4500E+03 0.0000E+00
  2.4520E+03 0.0000E+00
  2.4540E+03 0.0000E+00
  2.4560E+03 0.0000E+00
  2.4580E+03 0.0000E+00
  2.4600E+03 0.0000E+00
  2.4620E+03 0.0000E+00
  2.4640E+03 0.0000E+00
  2.4660E+03 0.0000E+00
  2.4680E+03 0.0000E+00
  2.4700E+03 0.0000E+00
  2.4720E+03 0.0000E+00
  2.4740E+03 0.0000E+00
  2.4760E+03 0.0000E+00
  2.4780E+03 0.0000E+00
  2.4800E+03 0.0000E+00
  2.4820E+03 0.0000E+00
  2.4840E+03 0.0000E+00
  2.4860E+03 0.0000E+00
  2.4880E+03 0.0000E+00
  2.4900E+03 0.0000E+00
  2.4920E+03 0.0000E+00
  2.4940E+03 0.0000E+00
  2.4960E+03 0.0000E+00
  2.4980E+03 0.0000E+00
  2.5000E+03 0.0000E+00
  2.5020E+03 0.0000E+00
  2.5040E+03 0.0000E+00
  2.5060E+03 0.0000E+00
  2.5080E+03 0.0000E+00
  2.5100E+03 0.0000E+00
  2.5120E+03 0.0000E+00
  2.5140E+03 0.0000E+00
  2.5160E+03 0.0000E+00
  2.5180E+03 0.0000E+00
  2.5200E+03 0.0000E+00
  2.5220E+03 0.0000E+00
  2.5240E+03 0.0000E+00
  2.5260E+03 0.0000E+00
  2.5280E+03 0.0000E+00
  2.5300E+03 0.0000E+00
  2.5320E+03 0.0000E+00
  2.5340E+03 0.0000E+00
  2.5360E+03 0.0000E+00
  2.5380E+03 0.0000E+00
  2.5400E+03 0.0000E+00
  2.5420E+03 0.0000E+00
  2.5440E+03 0.0000E+00
  2.5460E+03 0.0000E+00
  2.5480E+03 0.0000E+00
  2.5500E+03 0.0000E+00
  2.5520E+03 0.0000E+00
  2.5540E+03 0.0000E+00
  2.5560E+03 0.0000E+00
  2.5580E+03 0.0000E+00
  2.5600E+03 0.0000E+00
  2.5620E+03 0.0000E+00
  2.5640E+03 0.0000E+00
  2.5660E+03 0.0000E+00
  2.5680E+03 0.0000E+00
  2.5700E+03 0.0000E+00
  2.5720E+03 0.0000E+00
  2.5740E+03 0.0000E+00
  2.5760E+03 0.0000E+00
  2.5780E+03 0.0000E+00
  2.5800E+03 0.0000E+00
  2.5820E+03 0.0000E+00
  2.5840E+03 0.0000E+00
  2.5860E+03 0.0000E+00
  2.5880E+03 0.0000E+00
  2.5900E+03 0.0000E+00
  2.5920E+03 0.0000E+00
  2.5940E+03 0.0000E+00
  2.5960E+03 0.0000E+00
  2.5980E+03 0.0000E+00
  2.6000E+03 0.0000E+00
  2.6020E+03 0.0000E+00
  2.6040E+03 0.0000E+00
  2.6060E+03 0.0000E+00
  2.6080E+03 0.0000E+00
  2.6100E+03 0.0000E+00
  2.6120E+03 0.0000E+00
  2.6140E+03 0.0000E+00
  2.6160E+03 0.0000E+00
  2.6180E+03 0.0000E+00
  2.6200E+03 0.0000E+00
  2.6220E+03 0.0000E+00
  2.6240E+03 0.0000E+00
  2.6260E+03 0.0000E+00
  2.6280E+03 0.0000E+00
  2.6300E+03 0.0000E+00
  2.6320E+03 0.0000E+00
  2.6340E+03 0.0000E+00
  2.6360E+03 0.0000E+00
  2.6380E+03 0.0000E+00
  2.6400E+03 0.0000E+00
  2.6420E+03 0.0000E+00
  2.6440E+03 0.0000E+00
  2.6460E+03 0.0000E+00
  2.6480E+03 0.0000E+00
  2.6500E+03 0.0000E+00
  2.6520E+03 0.0000E+00
  2.6540E+03 0.0000E+00
  2.6560E+03 0.0000E+00
  2.6580E+03 0.0000E+00
  2.6600E+03 0.0000E+00
  2.6620E+03 0.0000E+00
  2.6640E+03 0.0000E+00
  2.6660E+03 0.0000E+00
  2.6680E+03 0.0000E+00
  2.6700E+03 0.0000E+00
  2.6720E+03 0.0000E+00
  2.6740E+03 0.0000E+00
  2.6760E+03 0.0000E+00
  2.6780E+03 0.0000E+00
  2.6800E+03 0.0000E+00
  2.6820E+03 0.0000E+00
  2.6840E+03 0.0000E+00
  2.6860E+03 0.0000E+00
  2.6880E+03 0.0000E+00
  2.6900E+03 0.0000E+00
  2.6920E+03 0.0000E+00
  2.6940E+03 0.0000E+00
  2.6960E+03 0.0000E+00
  2.6980E+03 0.0000E+00
  2.7000E+03 0.0000E+00
  2.7020E+03 0.0000E+00
  2.7040E+03 0.0000E+00
  2.7060E+03 0.0000E+00
  2.7080E+03 0.0000E+00
  2.7100E+03 0.0000E+00
  2.7120E+03 0.0000E+00
  2.7140E+03 0.0000E+00
  2.7160E+03 0.0000E+00
  2.7180E+03 0.0000E+00
  2.7200E+03 0.0000E+00
  2.7220E+03 0.0000E+00
  2.7240E+03 0.0000E+00
  2.7260E+03 0.0000E+00
  2.7280E+03 0.0000E+00
  2.7300E+03 0.0000E+00
  2.7320E+03 0.0000E+00
  2.7340E+03 0.0000E+00
  2.7360E+03 0.0000E+00
  2.7380E+03 0.0000E+00
  2.7400E+03 0.0000E+00
  2.7420E+03 0.0000E+00
  2.7440E+03 0.0000E+00
  2.7460E+03 0.0000E+00
  2.7480E+03 0.0000E+00
  2.7500E+03 0.0000E+00
  2.7520E+03 0.0000E+00
  2.7540E+03 0.0000E+00
  2.7560E+03 0.0000E+00
  2.7580E+03 0.0000E+00
  2.7600E+03 0.0000E+00
  2.7620E+03 0.0000E+00
  2.7640E+03 0.0000E+00
  2.7660E+03 0.0000E+00
  2.7680E+03 0.0000E+00
  2.7700E+03 0.0000E+00
  2.7720E+03 0.0000E+00
  2.7740E+03 0.0000E+00
  2.7760E+03 0.0000E+00
  2.7780E+03 0.0000E+00
  2.7800E+03 0.0000E+00
  2.7820E+03 0.0000E+00
  2.7840E+03 0.0000E+00
  2.7860E+03 0.0000E+00
  2.7880E+03 0.0000E+00
  2.7900E+03 0.0000E+00
  2.7920E+03 0.0000E+00
  2.7940E+03 0.0000E+00
  2.7960E+03 0.0000E+00
  2.7980E+03 0.0000E+00
  2.8000E+03 0.0000E+00
  2.8020E+03 0.0000E+00
  2.8040E+03 0.0000E+00
  2.8060E+03 0.0000E+00
  2.8080E+03 0.0000E+00
  2.8100E+03 0.0000E+00
  2.8120E+03 0.0000E+00
  2.8140E+03 0.0000E+00
  2.8160E+03 0.0000E+00
  2.8180E+03 0.0000E+00
  2.8200E+03 0.0000E+00
  2.8220E+03 0.0000E+00
  2.8240E+03 0.0000E+00
  2.8260E+03 0.0000E+00
  2.8280E+03 0.0000E+00
  2.8300E+03 0.0000E+00
  2.8320E+03 0.0000E+00
  2.8340E+03 0.0000E+00
  2.8360E+03 0.0000E+00
  2.8380E+03 0.0000E+00
  2.8400E+03 0.0000E+00
  2.8420E+03 0.0000E+00
  2.8440E+03 0.0000E+00
  2.8460E+03 0.0000E+00
  2.8480E+03 0.0000E+00
  2.8500E+03 0.0000E+00
  2.8520E+03 0.0000E+00
  2.8540E+03 0.0000E+00
  2.8560E+03 0.0000E+00
  2.8580E+03 0.0000E+00
  2.8600E+03 0.0000E+00
  2.8620E+03 0.0000E+00
  2.8640E+03 0.0000E+00
  2.8660E+03 0.0000E+00
  2.8680E+03 0.0000E+00
  2.8700E+03 0.0000E+00
  2.8720E+03 0.0000E+00
  2.8740E+03 0.0000E+00
  2.8760E+03 0.0000E+00
  2.8780E+03 0.0000E+00
  2.8800E+03 0.0000E+00
  2.8820E+03 0.0000E+00
  2.8840E+03 0.0000E+00
  2.8860E+03 0.0000E+00
  2.8880E+03 0.0000E+00
  2.8900E+03 0.0000E+00
  2.8920E+03 0.0000E+00
  2.8940E+03 0.0000E+00
  2.8960E+03 0.0000E+00
  2.8980E+03 0.0000E+00
  2.9000E+03 0.0000E+00
  2.9020E+03 0.0000E+00
  2.9040E+03 0.0000E+00
  2.9060E+03 0.0000E+00
  2.9080E+03 0.0000E+00
  2.9100E+03 0.0000E+00
  2.9120E+03 0.0000E+00
  2.9140E+03 0.0000E+00
  2.9160E+03 0.0000E+00
  2.9180E+03 0.0000E+00
  2.9200E+03 0.0000E+00
  2.9220E+03 0.0000E+00
  2.9240E+03 0.0000E+00
  2.9260E+03 0.0000E+00
  2.9280E+03 0.0000E+00
  2.9300E+03 0.0000E+00
  2.9320E+03 0.0000E+00
  2.9340E+03 0.0000E+00
  2.9360E+03 0.0000E+00
  2.9380E+03 0.0000E+00
  2.9400E+03 0.0000E+00
  2.9420E+03 0.0000E+00
  2.9440E+03 0.0000E+00
  2.9460E+03 0.0000E+00
  2.9480E+03 0.0000E+00
  2.9500E+03 0.0000E+00
  2.9520E+03 0.0000E+00
  2.9540E+03 0.0000E+00
  2.9560E+03 0.0000E+00
  2.9580E+03 0.0000E+00
  2.9600E+03 0.0000E+00
  2.9620E+03 0.0000E+00
  2.9640E+03 0.0000E+00
  2.9660E+03 0.0000E+00
  2.9680E+03 0.0000E+00
  2.9700E+03 0.0000E+00
  2.9720E+03 0.0000E+00
  2.9740E+03 0.0000E+00
  2.9760E+03 0.0000E+00
  2.9780E+03 0.0000E+00
  2.9800E+03 0.0000E+00
  2.9820E+03 0.0000E+00
  2.9840E+03 0.0000E+00
  2.9860E+03 0.0000E+00
  2.9880E+03 0.0000E+00
  2.9900E+03 0.0000E+00
  2.9920E+03 0.0000E+00
  2.9940E+03 0.0000E+00
  2.9960E+03 0.0000E+00
  2.9980E+03 0.0000E+00
  3.0000E+03 0.0000E+00
  3.0020E+03 0.0000E+00
  3.0040E+03 0.0000E+00
  3.0060E+03 0.0000E+00
  3.0080E+03 0.0000E+00
  3.0100E+03 0.0000E+00
  3.0120E+03 0.0000E+00
  3.0140E+03 0.0000E+00
  3.0160E+03 0.0000E+00
  3.0180E+03 0.0000E+00
  3.0200E+03 0.0000E+00
  3.0220E+03 0.0000E+00
  3.0240E+03 0.0000E+00
  3.0260E+03 0.0000E+00
  3.0280E+03 0.0000E+00
  3.0300E+03 0.0000E+00
  3.0320E+03 0.0000E+00
  3.0340E+03 0.0000E+00
  3.0360E+03 0.0000E+00
  3.0380E+03 0.0000E+00
  3.0400E+03 0.0000E+00
  3.0420E+03 0.0000E+00
  3.0440E+03 0.0000E+00
  3.0460E+03 0.0000E+00
  3.0480E+03 0.0000E+00
  3.0500E+03 0.0000E+00
  3.0520E+03 0.0000E+00
  3.0540E+03 0.0000E+00
  3.0560E+03 0.0000E+00
  3.0580E+03 0.0000E+00
  3.0600E+03 0.0000E+00
  3.0620E+03 0.0000E+00
  3.0640E+03 0.0000E+00
  3.0660E+03 0.0000E+00
  3.0680E+03 0.0000E+00
  3.0700E+03 0.0000E+00
  3.0720E+03 0.0000E+00
  3.0740E+03 0.0000E+00
  3.0760E+03 0.0000E+00
  3.0780E+03 0.0000E+00
  3.0800E+03 0.0000E+00
  3.0820E+03 0.0000E+00
  3.0840E+03 0.0000E+00
  3.0860E+03 0.0000E+00
  3.0880E+03 0.0000E+00
  3.0900E+03 0.0000E+00
  3.0920E+03 0.0000E+00
  3.0940E+03 0.0000E+00
  3.0960E+03 0.0000E+00
  3.0980E+03 0.0000E+00
  3.1000E+03 0.0000E+00
  3.1020E+03 0.0000E+00
  3.1040E+03 0.0000E+00
  3.1060E+03 0.0000E+00
  3.1080E+03 0.0000E+00
  3.1100E+03 0.0000E+00
  3.1120E+03 0.0000E+00
  3.1140E+03 0.0000E+00
  3.1160E+03 0.0000E+00
  3.1180E+03 0.0000E+00
  3.1200E+03 0.0000E+00
  3.1220E+03 0.0000E+00
  3.1240E+03 0.0000E+00
  3.1260E+03 0.0000E+00
  3.1280E+03 0.0000E+00
  3.1300E+03 0.0000E+00
  3.1320E+03 0.0000E+00
  3.1340E+03 0.0000E+00
  3.1360E+03 0.0000E+00
  3.1380E+03 0.0000E+00
  3.1400E+03 0.0000E+00
  3.1420E+03 0.0000E+00
  3.1440E+03 0.0000E+00
  3.1460E+03 0.0000E+00
  3.1480E+03 0.0000E+00
  3.1500E+03 0.0000E+00
  3.1520E+03 0.0000E+00
  3.1540E+03 0.0000E+00
  3.1560E+03 0.0000E+00
  3.1580E+03 0.0000E+00
  3.1600E+03 0.0000E+00
  3.1620E+03 0.0000E+00
  3.1640E+03 0.0000E+00
  3.1660E+03 0.0000E+00
  3.1680E+03 0.0000E+00
  3.1700E+03 0.0000E+00
