Index  PRESSURE   C2H        C2H2       C2H3       C2H4       C2H5       C2H6       C3H2       C3H3       CH3C2H     CH2CCH2 
   1  9.998E+05   1.872E+11  7.734E+14  5.155E+12  2.086E+14  1.256E+12  9.112E+12  6.475E+08  5.616E+10  6.234E+10  2.885E+10
   2  9.669E+05   1.553E+11  7.110E+14  4.566E+12  1.978E+14  1.144E+12  8.765E+12  5.532E+08  4.921E+10  5.691E+10  2.627E+10
   3  9.352E+05   1.285E+11  6.526E+14  4.037E+12  1.875E+14  1.043E+12  8.438E+12  4.712E+08  4.302E+10  5.189E+10  2.390E+10
   4  9.042E+05   1.059E+11  5.984E+14  3.565E+12  1.777E+14  9.485E+11  8.124E+12  4.003E+08  3.754E+10  4.725E+10  2.171E+10
   5  8.747E+05   8.770E+10  5.494E+14  3.154E+12  1.684E+14  8.638E+11  7.813E+12  3.413E+08  3.283E+10  4.308E+10  1.974E+10
   6  8.459E+05   7.179E+10  5.022E+14  2.774E+12  1.595E+14  7.852E+11  7.535E+12  2.882E+08  2.852E+10  3.915E+10  1.789E+10
   7  8.182E+05   5.905E+10  4.596E+14  2.445E+12  1.510E+14  7.137E+11  7.251E+12  2.442E+08  2.483E+10  3.558E+10  1.622E+10
   8  7.912E+05   4.841E+10  4.201E+14  2.151E+12  1.428E+14  6.480E+11  6.977E+12  2.063E+08  2.157E+10  3.230E+10  1.468E+10
   9  7.652E+05   3.953E+10  3.833E+14  1.888E+12  1.350E+14  5.880E+11  6.717E+12  1.737E+08  1.868E+10  2.926E+10  1.327E+10
  10  7.399E+05   3.217E+10  3.493E+14  1.655E+12  1.276E+14  5.330E+11  6.469E+12  1.458E+08  1.615E+10  2.649E+10  1.198E+10
  11  7.156E+05   2.609E+10  3.178E+14  1.447E+12  1.206E+14  4.830E+11  6.236E+12  1.220E+08  1.392E+10  2.395E+10  1.080E+10
  12  6.922E+05   2.128E+10  2.896E+14  1.270E+12  1.140E+14  4.380E+11  6.002E+12  1.026E+08  1.205E+10  2.168E+10  9.755E+09
  13  6.692E+05   1.711E+10  2.625E+14  1.105E+12  1.075E+14  3.957E+11  5.784E+12  8.518E+07  1.033E+10  1.952E+10  8.761E+09
  14  6.474E+05   1.385E+10  2.384E+14  9.655E+11  1.015E+14  3.583E+11  5.573E+12  7.112E+07  8.888E+09  1.762E+10  7.885E+09
  15  6.260E+05   1.105E+10  2.153E+14  8.367E+11  9.565E+13  3.231E+11  5.377E+12  5.865E+07  7.577E+09  1.582E+10  7.059E+09
  16  6.054E+05   8.872E+09  1.949E+14  7.277E+11  9.017E+13  2.918E+11  5.180E+12  4.861E+07  6.485E+09  1.423E+10  6.330E+09
  17  5.751E+05   6.262E+09  1.664E+14  5.834E+11  8.222E+13  2.489E+11  4.900E+12  3.607E+07  5.065E+09  1.203E+10  5.331E+09
  18  5.469E+05   4.425E+09  1.421E+14  4.685E+11  7.504E+13  2.126E+11  4.640E+12  2.679E+07  3.960E+09  1.018E+10  4.492E+09
  19  5.203E+05   3.095E+09  1.208E+14  3.740E+11  6.837E+13  1.811E+11  4.397E+12  1.970E+07  3.073E+09  8.577E+09  3.767E+09
  20  4.945E+05   2.114E+09  1.016E+14  2.946E+11  6.207E+13  1.533E+11  4.172E+12  1.419E+07  2.346E+09  7.154E+09  3.127E+09
  21  4.705E+05   1.446E+09  8.548E+13  2.322E+11  5.632E+13  1.298E+11  3.960E+12  1.022E+07  1.791E+09  5.964E+09  2.595E+09
  22  4.473E+05   9.634E+08  7.106E+13  1.804E+11  5.088E+13  1.091E+11  3.759E+12  7.197E+06  1.343E+09  4.915E+09  2.128E+09
  23  4.255E+05   6.518E+08  5.941E+13  1.413E+11  4.604E+13  9.199E+10  3.565E+12  5.131E+06  1.016E+09  4.072E+09  1.755E+09
  24  4.048E+05   4.354E+08  4.937E+13  1.098E+11  4.153E+13  7.727E+10  3.378E+12  3.613E+06  7.618E+08  3.351E+09  1.437E+09
  25  3.847E+05   2.918E+08  4.104E+13  8.536E+10  3.740E+13  6.479E+10  3.190E+12  2.550E+06  5.714E+08  2.756E+09  1.176E+09
  26  3.660E+05   1.960E+08  3.412E+13  6.644E+10  3.367E+13  5.439E+10  3.013E+12  1.801E+06  4.289E+08  2.266E+09  9.628E+08
  27  3.480E+05   1.345E+08  2.863E+13  5.228E+10  3.038E+13  4.582E+10  2.835E+12  1.296E+06  3.264E+08  1.878E+09  7.943E+08
  28  3.311E+05   9.593E+07  2.440E+13  4.198E+10  2.752E+13  3.896E+10  2.657E+12  9.640E+05  2.548E+08  1.579E+09  6.653E+08
  29  3.147E+05   6.791E+07  2.074E+13  3.355E+10  2.489E+13  3.303E+10  2.488E+12  7.122E+05  1.979E+08  1.323E+09  5.552E+08
  30  2.994E+05   5.022E+07  1.796E+13  2.746E+10  2.266E+13  2.832E+10  2.321E+12  5.469E+05  1.583E+08  1.129E+09  4.720E+08
  31  2.845E+05   3.690E+07  1.550E+13  2.238E+10  2.058E+13  2.420E+10  2.164E+12  4.175E+05  1.260E+08  9.601E+08  3.999E+08
  32  2.707E+05   2.793E+07  1.357E+13  1.855E+10  1.880E+13  2.088E+10  2.016E+12  3.273E+05  1.024E+08  8.271E+08  3.433E+08
  33  2.575E+05   2.141E+07  1.194E+13  1.547E+10  1.719E+13  1.805E+10  1.875E+12  2.594E+05  8.395E+07  7.161E+08  2.963E+08
  34  2.449E+05   1.665E+07  1.057E+13  1.301E+10  1.575E+13  1.566E+10  1.741E+12  2.082E+05  6.952E+07  6.238E+08  2.573E+08
  35  2.329E+05   1.289E+07  9.337E+12  1.091E+10  1.441E+13  1.357E+10  1.616E+12  1.665E+05  5.736E+07  5.418E+08  2.228E+08
  36  2.216E+05   1.033E+07  8.377E+12  9.319E+09  1.326E+13  1.187E+10  1.498E+12  1.372E+05  4.848E+07  4.780E+08  1.960E+08
  37  2.107E+05   8.245E+06  7.502E+12  7.946E+09  1.219E+13  1.036E+10  1.388E+12  1.128E+05  4.087E+07  4.208E+08  1.721E+08
  38  2.005E+05   6.692E+06  6.770E+12  6.836E+09  1.124E+13  9.086E+09  1.284E+12  9.402E+04  3.485E+07  3.732E+08  1.522E+08
  39  1.906E+05   5.415E+06  6.100E+12  5.869E+09  1.035E+13  7.957E+09  1.188E+12  7.820E+04  2.965E+07  3.304E+08  1.344E+08
  40  1.813E+05   4.550E+06  5.590E+12  5.145E+09  9.590E+12  7.039E+09  1.096E+12  6.724E+04  2.590E+07  2.972E+08  1.207E+08
  41  1.724E+05   3.812E+06  5.114E+12  4.502E+09  8.875E+12  6.220E+09  1.011E+12  5.767E+04  2.256E+07  2.669E+08  1.081E+08
  42  1.640E+05   3.252E+06  4.716E+12  3.977E+09  8.233E+12  5.518E+09  9.306E+11  5.024E+04  1.990E+07  2.414E+08  9.759E+07
  43  1.560E+05   2.827E+06  4.383E+12  3.548E+09  7.653E+12  4.917E+09  8.547E+11  4.447E+04  1.776E+07  2.199E+08  8.876E+07
  44  1.484E+05   2.504E+06  4.108E+12  3.198E+09  7.132E+12  4.401E+09  7.836E+11  4.005E+04  1.607E+07  2.019E+08  8.135E+07
  45  1.411E+05   2.213E+06  3.842E+12  2.877E+09  6.634E+12  3.931E+09  7.168E+11  3.597E+04  1.449E+07  1.848E+08  7.435E+07
  46  1.343E+05   2.036E+06  3.658E+12  2.644E+09  6.207E+12  3.547E+09  6.540E+11  3.344E+04  1.343E+07  1.719E+08  6.910E+07
  47  1.277E+05   1.871E+06  3.476E+12  2.426E+09  5.794E+12  3.194E+09  5.950E+11  3.102E+04  1.241E+07  1.596E+08  6.405E+07
  48  1.215E+05   1.750E+06  3.328E+12  2.246E+09  5.415E+12  2.885E+09  5.395E+11  2.923E+04  1.161E+07  1.489E+08  5.973E+07
  49  1.089E+05   1.561E+06  3.055E+12  1.924E+09  4.664E+12  2.315E+09  4.310E+11  2.625E+04  1.018E+07  1.288E+08  5.156E+07
  50  9.853E+04   1.493E+06  2.882E+12  1.716E+09  4.060E+12  1.905E+09  3.447E+11  2.492E+04  9.309E+06  1.141E+08  4.566E+07
  51  8.914E+04   1.414E+06  2.691E+12  1.514E+09  3.499E+12  1.550E+09  2.728E+11  2.331E+04  8.389E+06  9.954E+07  3.980E+07
  52  8.067E+04   1.352E+06  2.507E+12  1.337E+09  2.990E+12  1.255E+09  2.131E+11  2.182E+04  7.540E+06  8.611E+07  3.442E+07
  53  7.298E+04   1.254E+06  2.295E+12  1.156E+09  2.525E+12  1.001E+09  1.653E+11  1.980E+04  6.592E+06  7.291E+07  2.912E+07
  54  6.605E+04   1.173E+06  2.093E+12  9.991E+08  2.112E+12  7.929E+08  1.264E+11  1.794E+04  5.735E+06  6.107E+07  2.438E+07
  55  5.977E+04   1.066E+06  1.877E+12  8.470E+08  1.748E+12  6.202E+08  9.616E+10  1.578E+04  4.863E+06  5.016E+07  2.001E+07
  56  5.406E+04   9.759E+05  1.675E+12  7.158E+08  1.431E+12  4.802E+08  7.188E+10  1.385E+04  4.096E+06  4.065E+07  1.621E+07
  57  4.893E+04   8.989E+05  1.486E+12  6.028E+08  1.156E+12  3.685E+08  5.285E+10  1.211E+04  3.421E+06  3.250E+07  1.296E+07
  58  4.428E+04   8.324E+05  1.309E+12  5.052E+08  9.218E+11  2.795E+08  3.813E+10  1.052E+04  2.828E+06  2.556E+07  1.019E+07
  59  4.006E+04   7.487E+05  1.133E+12  4.152E+08  7.272E+11  2.092E+08  2.736E+10  8.871E+03  2.278E+06  1.970E+07  7.853E+06
  60  3.625E+04   6.761E+05  9.735E+11  3.393E+08  5.652E+11  1.547E+08  1.924E+10  7.424E+03  1.814E+06  1.492E+07  5.947E+06
  61  3.280E+04   6.122E+05  8.285E+11  2.753E+08  4.325E+11  1.129E+08  1.326E+10  6.158E+03  1.425E+06  1.109E+07  4.419E+06
  62  2.970E+04   5.394E+05  6.946E+11  2.196E+08  3.282E+11  8.150E+07  9.107E+09  4.968E+03  1.094E+06  8.096E+06  3.228E+06
  63  2.687E+04   4.693E+05  5.748E+11  1.728E+08  2.457E+11  5.804E+07  6.168E+09  3.932E+03  8.233E+05  5.797E+06  2.311E+06
  64  2.432E+04   4.098E+05  4.717E+11  1.352E+08  1.813E+11  4.082E+07  4.099E+09  3.087E+03  6.122E+05  4.076E+06  1.625E+06
  65  2.200E+04   3.486E+05  3.817E+11  1.041E+08  1.327E+11  2.844E+07  2.716E+09  2.362E+03  4.457E+05  2.823E+06  1.125E+06
  66  1.991E+04   2.895E+05  3.052E+11  7.901E+07  9.669E+10  1.966E+07  1.799E+09  1.768E+03  3.186E+05  1.931E+06  7.699E+05
  67  1.801E+04   2.385E+05  2.421E+11  5.949E+07  6.987E+10  1.348E+07  1.182E+09  1.306E+03  2.250E+05  1.305E+06  5.200E+05
  68  1.630E+04   1.949E+05  1.905E+11  4.444E+07  5.008E+10  9.171E+06  7.704E+08  9.540E+02  1.570E+05  8.713E+05  3.472E+05
  69  1.475E+04   1.581E+05  1.489E+11  3.296E+07  3.565E+10  6.195E+06  4.989E+08  6.891E+02  1.083E+05  5.755E+05  2.293E+05
  70  1.335E+04   1.274E+05  1.155E+11  2.428E+07  2.520E+10  4.157E+06  3.208E+08  4.928E+02  7.403E+04  3.764E+05  1.499E+05
  71  1.207E+04   1.008E+05  8.907E+10  1.773E+07  1.782E+10  2.783E+06  2.073E+08  3.473E+02  5.008E+04  2.451E+05  9.756E+04
  72  1.093E+04   7.932E+04  6.838E+10  1.289E+07  1.255E+10  1.855E+06  1.335E+08  2.431E+02  3.365E+04  1.586E+05  6.310E+04
  73  9.888E+03   6.152E+04  5.237E+10  9.332E+06  8.874E+09  1.240E+06  8.674E+07  1.688E+02  2.253E+04  1.028E+05  4.088E+04
  74  8.946E+03   4.697E+04  3.997E+10  6.717E+06  6.296E+09  8.287E+05  5.684E+07  1.160E+02  1.499E+04  6.671E+04  2.649E+04
  75  8.094E+03   3.537E+04  3.047E+10  4.818E+06  4.494E+09  5.560E+05  3.767E+07  7.914E+01  9.953E+03  4.345E+04  1.724E+04
  76  7.325E+03   2.627E+04  2.322E+10  3.447E+06  3.229E+09  3.747E+05  2.527E+07  5.370E+01  6.603E+03  2.845E+04  1.127E+04
  77  6.626E+03   1.925E+04  1.767E+10  2.458E+06  2.334E+09  2.534E+05  1.714E+07  3.620E+01  4.372E+03  1.871E+04  7.399E+03
  78  5.994E+03   1.391E+04  1.346E+10  1.749E+06  1.700E+09  1.721E+05  1.178E+07  2.427E+01  2.893E+03  1.238E+04  4.887E+03
  79  5.423E+03   9.917E+03  1.025E+10  1.242E+06  1.248E+09  1.176E+05  8.212E+06  1.619E+01  1.915E+03  8.252E+03  3.251E+03
  80  4.906E+03   7.068E+03  7.815E+09  8.824E+05  9.178E+08  8.046E+04  5.734E+06  1.081E+01  1.269E+03  5.508E+03  2.165E+03
  81  4.439E+03   5.020E+03  5.943E+09  6.252E+05  6.735E+08  5.492E+04  3.999E+06  7.188E+00  8.380E+02  3.667E+03  1.437E+03
  82  4.016E+03   3.602E+03  4.512E+09  4.433E+05  4.903E+08  3.728E+04  2.753E+06  4.790E+00  5.521E+02  2.421E+03  9.473E+02
  83  3.633E+03   2.647E+03  3.418E+09  3.150E+05  3.512E+08  2.501E+04  1.844E+06  3.216E+00  3.630E+02  1.575E+03  6.152E+02
  84  3.288E+03   1.990E+03  2.580E+09  2.241E+05  2.470E+08  1.657E+04  1.200E+06  2.170E+00  2.376E+02  1.007E+03  3.929E+02
  85  2.976E+03   1.539E+03  1.950E+09  1.603E+05  1.715E+08  1.089E+04  7.627E+05  1.482E+00  1.559E+02  6.370E+02  2.484E+02
  86  2.690E+03   1.164E+03  1.461E+09  1.134E+05  1.187E+08  7.110E+03  4.853E+05  9.946E-01  1.009E+02  3.999E+02  1.559E+02
  87  2.434E+03   8.860E+02  1.101E+09  8.074E+04  8.282E+07  4.681E+03  3.115E+05  6.736E-01  6.599E+01  2.537E+02  9.883E+01
  88  2.203E+03   6.642E+02  8.296E+08  5.732E+04  5.817E+07  3.097E+03  2.026E+05  4.530E-01  4.306E+01  1.618E+02  6.295E+01
  89  1.994E+03   4.939E+02  6.286E+08  4.083E+04  4.141E+07  2.070E+03  1.343E+05  3.056E-01  2.833E+01  1.047E+02  4.069E+01
  90  1.803E+03   3.573E+02  4.765E+08  2.895E+04  2.994E+07  1.398E+03  9.143E+04  2.041E-01  1.863E+01  6.869E+01  2.664E+01
  91  1.631E+03   2.567E+02  3.641E+08  2.063E+04  2.200E+07  9.564E+02  6.366E+04  1.370E-01  1.239E+01  4.591E+01  1.777E+01
  92  1.476E+03   1.825E+02  2.795E+08  1.474E+04  1.638E+07  6.611E+02  4.518E+04  9.217E-02  8.298E+00  3.112E+01  1.201E+01
  93  1.335E+03   1.280E+02  2.150E+08  1.052E+04  1.232E+07  4.606E+02  3.262E+04  6.178E-02  5.572E+00  2.131E+01  8.205E+00
  94  1.208E+03   9.099E+01  1.679E+08  7.622E+03  9.418E+06  3.260E+02  2.396E+04  4.235E-02  3.826E+00  1.494E+01  5.737E+00
  95  1.093E+03   6.351E+01  1.309E+08  5.495E+03  7.250E+06  2.316E+02  1.784E+04  2.876E-02  2.619E+00  1.052E+01  4.028E+00
  96  9.889E+02   4.617E+01  1.050E+08  4.085E+03  5.704E+06  1.685E+02  1.350E+04  2.048E-02  1.871E+00  7.687E+00  2.935E+00
  97  8.941E+02   3.297E+01  8.404E+07  3.023E+03  4.519E+06  1.231E+02  1.036E+04  1.447E-02  1.333E+00  5.646E+00  2.148E+00
  98  8.089E+02   2.455E+01  6.930E+07  2.309E+03  3.662E+06  9.222E+01  8.090E+03  1.073E-02  9.924E-01  4.309E+00  1.635E+00
  99  7.321E+02   1.911E+01  5.892E+07  1.823E+03  3.039E+06  7.091E+01  6.435E+03  8.384E-03  7.744E-01  3.423E+00  1.295E+00
 100  6.622E+02   1.460E+01  5.000E+07  1.432E+03  2.540E+06  5.475E+01  5.189E+03  6.493E-03  6.023E-01  2.733E+00  1.031E+00
 101  5.989E+02   1.130E+01  4.307E+07  1.142E+03  2.156E+06  4.291E+01  4.255E+03  5.141E-03  4.791E-01  2.233E+00  8.403E-01
 102  5.419E+02   8.832E+00  3.754E+07  9.207E+02  1.855E+06  3.408E+01  3.539E+03  4.141E-03  3.878E-01  1.859E+00  6.974E-01
 103  4.902E+02   6.729E+00  3.249E+07  7.349E+02  1.600E+06  2.705E+01  2.974E+03  3.280E-03  3.104E-01  1.544E+00  5.773E-01
 104  4.432E+02   4.984E+00  2.785E+07  5.788E+02  1.380E+06  2.138E+01  2.517E+03  2.546E-03  2.447E-01  1.274E+00  4.747E-01
 105  4.010E+02   3.692E+00  2.396E+07  4.575E+02  1.199E+06  1.701E+01  2.149E+03  1.988E-03  1.939E-01  1.060E+00  3.933E-01
 106  3.630E+02   2.735E+00  2.067E+07  3.625E+02  1.045E+06  1.359E+01  1.846E+03  1.560E-03  1.544E-01  8.864E-01  3.277E-01
 107  3.282E+02   1.881E+00  1.719E+07  2.750E+02  8.965E+05  1.059E+01  1.582E+03  1.147E-03  1.162E-01  7.135E-01  2.626E-01
 108  2.968E+02   1.286E+00  1.428E+07  2.080E+02  7.694E+05  8.257E+00  1.359E+03  8.435E-04  8.715E-02  5.739E-01  2.103E-01
 109  2.685E+02   8.706E-01  1.180E+07  1.565E+02  6.594E+05  6.422E+00  1.169E+03  6.187E-04  6.493E-02  4.597E-01  1.677E-01
 110  2.429E+02   5.632E-01  9.527E+06  1.147E+02  5.591E+05  4.921E+00  1.004E+03  4.390E-04  4.669E-02  3.594E-01  1.304E-01
 111  2.196E+02   3.601E-01  7.645E+06  8.335E+01  4.721E+05  3.750E+00  8.603E+02  3.119E-04  3.327E-02  2.791E-01  1.007E-01
 112  1.986E+02   2.191E-01  5.988E+06  5.890E+01  3.946E+05  2.817E+00  7.367E+02  2.152E-04  2.279E-02  2.110E-01  7.574E-02
 113  1.797E+02   1.361E-01  4.728E+06  4.205E+01  3.303E+05  2.124E+00  6.300E+02  1.542E-04  1.586E-02  1.609E-01  5.748E-02
 114  1.624E+02   8.088E-02  3.661E+06  2.930E+01  2.748E+05  1.584E+00  5.391E+02  1.091E-04  1.067E-02  1.201E-01  4.265E-02
 115  1.469E+02   4.915E-02  2.863E+06  2.067E+01  2.292E+05  1.187E+00  4.612E+02  8.082E-05  7.298E-03  9.067E-02  3.202E-02
 116  1.329E+02   3.068E-02  2.268E+06  1.481E+01  1.923E+05  8.977E-01  3.948E+02  6.283E-05  5.100E-03  6.942E-02  2.439E-02
 117  1.202E+02   1.911E-02  1.801E+06  1.063E+01  1.622E+05  6.816E-01  3.396E+02  5.021E-05  3.565E-03  5.328E-02  1.862E-02
 118  1.087E+02   1.225E-02  1.449E+06  7.750E+00  1.374E+05  5.217E-01  2.921E+02  4.194E-05  2.546E-03  4.149E-02  1.442E-02
 119  9.839E+01   8.093E-03  1.184E+06  5.750E+00  1.172E+05  4.029E-01  2.514E+02  3.650E-05  1.864E-03  3.285E-02  1.137E-02
 120  8.897E+01   5.396E-03  9.778E+05  4.316E+00  1.012E+05  3.153E-01  2.185E+02  3.271E-05  1.379E-03  2.629E-02  9.052E-03
 121  8.048E+01   3.737E-03  8.245E+05  3.317E+00  8.836E+04  2.502E-01  1.907E+02  3.046E-05  1.052E-03  2.152E-02  7.377E-03
 122  7.280E+01   2.714E-03  7.159E+05  2.631E+00  7.862E+04  2.029E-01  1.678E+02  2.965E-05  8.350E-04  1.818E-02  6.205E-03
 123  6.584E+01   2.053E-03  6.462E+05  2.177E+00  7.274E+04  1.719E-01  1.525E+02  3.025E-05  6.913E-04  1.595E-02  5.422E-03
 124  5.958E+01   1.705E-03  6.169E+05  1.908E+00  6.955E+04  1.508E-01  1.402E+02  3.302E-05  6.172E-04  1.487E-02  5.041E-03
 125  5.390E+01   1.507E-03  6.250E+05  1.782E+00  7.057E+04  1.411E-01  1.355E+02  3.844E-05  5.876E-04  1.472E-02  4.972E-03
 126  4.874E+01   1.422E-03  6.731E+05  1.776E+00  7.608E+04  1.409E-01  1.387E+02  4.776E-05  5.969E-04  1.547E-02  5.208E-03
 127  4.408E+01   1.447E-03  7.648E+05  1.876E+00  8.555E+04  1.474E-01  1.469E+02  6.295E-05  6.482E-04  1.721E-02  5.776E-03
 128  3.987E+01   1.563E-03  9.013E+05  2.067E+00  9.863E+04  1.589E-01  1.590E+02  8.637E-05  7.406E-04  1.989E-02  6.658E-03
 129  3.608E+01   1.761E-03  1.082E+06  2.333E+00  1.146E+05  1.735E-01  1.730E+02  1.211E-04  8.743E-04  2.348E-02  7.844E-03
 130  3.264E+01   2.006E-03  1.297E+06  2.661E+00  1.328E+05  1.914E-01  1.897E+02  1.700E-04  1.043E-03  2.766E-02  9.224E-03
 131  2.953E+01   2.341E-03  1.553E+06  3.052E+00  1.520E+05  2.097E-01  2.044E+02  2.391E-04  1.263E-03  3.265E-02  1.087E-02
 132  2.672E+01   2.761E-03  1.831E+06  3.470E+00  1.692E+05  2.247E-01  2.128E+02  3.322E-04  1.529E-03  3.803E-02  1.265E-02
 133  2.417E+01   3.263E-03  2.129E+06  3.947E+00  1.855E+05  2.410E-01  2.196E+02  4.558E-04  1.855E-03  4.369E-02  1.452E-02
 134  2.188E+01   3.907E-03  2.442E+06  4.463E+00  1.980E+05  2.535E-01  2.190E+02  6.184E-04  2.258E-03  4.962E-02  1.649E-02
 135  1.980E+01   4.739E-03  2.761E+06  5.004E+00  2.056E+05  2.610E-01  2.103E+02  8.292E-04  2.753E-03  5.570E-02  1.851E-02
 136  1.793E+01   5.820E-03  3.080E+06  5.571E+00  2.079E+05  2.632E-01  1.950E+02  1.099E-03  3.365E-03  6.186E-02  2.057E-02
 137  1.621E+01   7.193E-03  3.400E+06  6.219E+00  2.074E+05  2.659E-01  1.788E+02  1.446E-03  4.135E-03  6.794E-02  2.261E-02
 138  1.467E+01   8.937E-03  3.695E+06  6.845E+00  2.013E+05  2.614E-01  1.579E+02  1.877E-03  5.055E-03  7.366E-02  2.454E-02
 139  1.328E+01   1.111E-02  3.971E+06  7.520E+00  1.927E+05  2.563E-01  1.379E+02  2.410E-03  6.177E-03  7.893E-02  2.633E-02
 140  1.201E+01   1.393E-02  4.225E+06  8.171E+00  1.801E+05  2.454E-01  1.164E+02  3.071E-03  7.544E-03  8.393E-02  2.804E-02
 141  1.087E+01   1.774E-02  4.466E+06  8.824E+00  1.651E+05  2.305E-01  9.560E+01  3.891E-03  9.243E-03  8.884E-02  2.972E-02
 142  7.742E+00   3.968E-02  5.063E+06  1.080E+01  1.115E+05  1.711E-01  4.471E+01  8.218E-03  1.778E-02  1.012E-01  3.411E-02
 143  5.562E+00   9.145E-02  5.330E+06  1.186E+01  6.386E+04  1.056E-01  1.828E+01  1.595E-02  3.271E-02  1.082E-01  3.677E-02
 144  4.003E+00   2.250E-01  5.302E+06  1.130E+01  3.004E+04  4.984E-02  7.010E+00  2.908E-02  5.742E-02  1.106E-01  3.805E-02
 145  2.883E+00   5.632E-01  5.009E+06  9.478E+00  1.217E+04  1.917E-02  3.082E+00  4.898E-02  9.405E-02  1.074E-01  3.749E-02
 146  2.077E+00   1.437E+00  4.557E+06  7.247E+00  4.420E+03  6.530E-03  1.511E+00  7.474E-02  1.439E-01  9.898E-02  3.514E-02
 147  1.499E+00   3.562E+00  4.000E+06  5.328E+00  1.553E+03  2.430E-03  7.282E-01  1.023E-01  2.012E-01  8.399E-02  3.038E-02
 148  1.081E+00   7.906E+00  3.326E+06  3.857E+00  5.596E+02  1.217E-03  3.087E-01  1.310E-01  2.421E-01  6.175E-02  2.272E-02
 149  7.792E-01   1.488E+01  2.525E+06  2.645E+00  2.024E+02  7.226E-04  1.013E-01  1.504E-01  2.274E-01  3.584E-02  1.339E-02
 150  5.611E-01   2.230E+01  1.649E+06  1.549E+00  6.525E+01  3.429E-04  2.141E-02  1.305E-01  1.432E-01  1.403E-02  5.312E-03
 151  4.042E-01   2.611E+01  8.828E+05  7.145E-01  1.666E+01  8.857E-05  2.263E-03  6.111E-02  5.092E-02  3.230E-03  1.238E-03
 152  2.912E-01   2.375E+01  3.890E+05  2.728E-01  3.496E+00  1.061E-05  1.024E-04  1.409E-02  9.406E-03  4.000E-04  1.551E-04
 153  2.095E-01   1.706E+01  1.436E+05  9.382E-02  6.981E-01  7.446E-07  1.919E-06  1.515E-03  8.719E-04  2.583E-05  1.013E-05
 154  1.509E-01   9.682E+00  4.378E+04  2.898E-02  1.345E-01  7.177E-08  3.174E-08  7.056E-05  3.993E-05  8.607E-07  3.410E-07
 155  1.086E-01   4.167E+00  1.072E+04  7.381E-03  2.246E-02  9.149E-09  2.007E-09  1.852E-06  1.086E-06  1.753E-08  7.008E-09
 156  8.022E-02   1.320E+00  2.073E+03  1.470E-03  3.078E-03  1.034E-09  1.637E-10  5.737E-08  3.428E-08  4.246E-10  1.711E-10
 157  5.817E-02   3.220E-01  3.285E+02  2.352E-04  3.533E-04  9.634E-11  1.154E-11  2.944E-09  1.814E-09  1.767E-11  7.170E-12
 158  4.228E-02   6.231E-02  4.231E+01  3.136E-05  3.457E-05  7.470E-12  6.932E-13  1.430E-10  9.757E-11  7.649E-13  3.123E-13
 159  3.077E-02   9.776E-03  4.398E+00  3.646E-06  2.976E-06  4.837E-13  3.545E-14  4.986E-12  4.471E-12  2.907E-14  1.195E-14
 160  2.249E-02   1.234E-03  3.578E-01  3.761E-07  2.260E-07  2.568E-14  1.514E-15  1.129E-13  1.723E-13  9.619E-16  3.986E-16
 161  1.644E-02   1.193E-04  2.373E-02  2.946E-08  1.343E-08  1.107E-15  5.363E-17  2.539E-15  5.885E-15  2.832E-17  1.180E-17
 162  1.201E-02   9.540E-06  1.385E-03  1.898E-09  6.806E-10  4.436E-17  1.822E-18  6.622E-17  2.100E-16  8.781E-19  3.673E-19
 163  8.770E-03   1.099E-06  1.225E-04  1.735E-10  5.057E-11  5.073E-18  1.886E-19  5.244E-18  2.040E-17  7.433E-20  3.120E-20
 164  6.400E-03   2.535E-06  2.288E-04  3.106E-10  7.765E-11  5.698E-17  1.856E-18  4.920E-17  2.060E-16  6.551E-19  2.758E-19
 165  4.671E-03   1.576E-05  1.173E-03  1.571E-09  4.079E-10  2.466E-15  6.857E-17  1.833E-15  8.648E-15  2.448E-17  1.034E-17
 166  3.409E-03   8.904E-05  5.409E-03  8.221E-09  3.995E-09  7.590E-14  1.820E-15  4.539E-14  2.706E-13  6.927E-16  2.941E-16
 167  2.492E-03   4.525E-04  2.220E-02  5.229E-08  5.902E-08  1.495E-12  3.117E-14  7.503E-13  6.041E-12  1.411E-14  6.071E-15
 168  1.823E-03   2.245E-03  8.833E-02  4.407E-07  7.318E-07  1.933E-11  3.519E-13  9.514E-12  1.065E-10  2.271E-13  1.020E-13
 169  1.337E-03   1.157E-02  3.635E-01  3.665E-06  6.376E-06  1.676E-10  2.661E-12  1.035E-10  1.601E-09  3.106E-12  1.522E-12
 170  9.812E-04   5.585E-02  1.399E+00  2.234E-05  3.610E-05  9.304E-10  1.284E-11  8.777E-10  1.808E-08  3.170E-11  1.735E-11
 171  7.220E-04   2.188E-01  4.280E+00  9.057E-05  1.277E-04  3.228E-09  3.842E-11  4.615E-09  1.293E-07  2.036E-10  1.238E-10
 172  5.330E-04   6.272E-01  9.292E+00  2.375E-04  2.764E-04  6.910E-09  7.013E-11  1.293E-08  5.207E-07  7.308E-10  4.853E-10
 173  3.945E-04   1.285E+00  1.400E+01  4.116E-04  3.739E-04  9.395E-09  8.033E-11  1.933E-08  1.173E-06  1.449E-09  1.031E-09
 174  2.935E-04   2.063E+00  1.571E+01  5.157E-04  3.373E-04  8.704E-09  6.095E-11  1.746E-08  1.665E-06  1.755E-09  1.306E-09
 175  2.192E-04   2.732E+00  1.378E+01  4.870E-04  2.060E-04  5.664E-09  3.144E-11  1.006E-08  1.592E-06  1.372E-09  1.022E-09
 176  1.646E-04   3.264E+00  1.005E+01  3.602E-04  8.373E-05  2.584E-09  1.076E-11  3.972E-09  1.114E-06  7.269E-10  5.015E-10
 177  1.242E-04   3.811E+00  6.477E+00  2.056E-04  2.098E-05  7.658E-10  2.199E-12  1.146E-09  5.967E-07  2.619E-10  1.479E-10
 178  9.412E-05   5.334E+00  4.270E+00  8.775E-05  2.608E-06  1.164E-10  1.990E-13  2.671E-10  2.666E-07  6.457E-11  2.465E-11
 179  7.124E-05   1.147E+01  3.457E+00  3.566E-05  1.167E-07  5.886E-12  4.702E-15  6.115E-11  1.040E-07  1.032E-11  2.415E-12
 180  5.359E-05   2.197E+01  1.567E+00  1.020E-05  9.005E-10  2.309E-14  5.117E-18  6.371E-12  1.001E-08  2.323E-13  3.451E-14
 181  3.974E-05   6.439E+00  4.835E-02  1.439E-07  3.601E-13  5.241E-19  1.783E-23  2.976E-14  1.231E-11  2.636E-17  2.369E-18
 182  2.920E-05   1.712E-01  3.294E-05  1.539E-11  4.599E-19  9.016E-27  1.341E-35  1.940E-18  1.500E-16  6.815E-24  9.884E-25
 183  2.152E-05   3.885E-04  3.579E-10  1.516E-16  1.442E-26  0.000E+00  0.000E+00  1.366E-24  9.663E-22  6.882E-36  4.940E-37
 184  1.593E-05   1.112E-06  1.735E-14  1.454E-21  1.729E-36  0.000E+00  0.000E+00  3.149E-29  5.282E-27  0.000E+00  0.000E+00
 185  1.147E-05   2.016E-08  4.403E-17  1.500E-26  0.000E+00  0.000E+00  0.000E+00  4.601E-32  0.000E+00  0.000E+00  0.000E+00
 186  8.121E-06   6.531E-10  3.271E-19  2.221E-38  0.000E+00  0.000E+00  0.000E+00  1.902E-34  0.000E+00  0.000E+00  0.000E+00
 187  5.652E-06   2.448E-11  3.088E-21  0.000E+00  0.000E+00  0.000E+00  0.000E+00  9.513E-37  0.000E+00  0.000E+00  0.000E+00
 188  3.878E-06   1.074E-12  3.777E-23  0.000E+00  0.000E+00  0.000E+00  0.000E+00  0.000E+00  0.000E+00  0.000E+00  0.000E+00
 189  2.636E-06   5.542E-14  6.594E-25  0.000E+00  0.000E+00  0.000E+00  0.000E+00  0.000E+00  0.000E+00  0.000E+00  0.000E+00
 190  1.791E-06   3.162E-15  1.744E-26  0.000E+00  0.000E+00  0.000E+00  0.000E+00  0.000E+00  0.000E+00  0.000E+00  0.000E+00
 191  1.220E-06   1.510E-16  4.920E-28  0.000E+00  0.000E+00  0.000E+00  0.000E+00  0.000E+00  0.000E+00  0.000E+00  0.000E+00
 192  8.351E-07   4.222E-18  8.772E-30  0.000E+00  0.000E+00  0.000E+00  0.000E+00  0.000E+00  0.000E+00  0.000E+00  0.000E+00
 193  5.755E-07   5.924E-20  0.000E+00  0.000E+00  0.000E+00  0.000E+00  0.000E+00  0.000E+00  0.000E+00  0.000E+00  0.000E+00
 194  3.993E-07   4.066E-22  0.000E+00  0.000E+00  0.000E+00  0.000E+00  0.000E+00  0.000E+00  0.000E+00  0.000E+00  0.000E+00
 195  2.786E-07   1.414E-24  0.000E+00  0.000E+00  0.000E+00  0.000E+00  0.000E+00  0.000E+00  0.000E+00  0.000E+00  0.000E+00
 196  1.956E-07   2.779E-27  0.000E+00  0.000E+00  0.000E+00  0.000E+00  0.000E+00  0.000E+00  0.000E+00  0.000E+00  0.000E+00
 197  1.379E-07   3.299E-30  0.000E+00  0.000E+00  0.000E+00  0.000E+00  0.000E+00  0.000E+00  0.000E+00  0.000E+00  0.000E+00
 198  9.754E-08   0.000E+00  0.000E+00  0.000E+00  0.000E+00  0.000E+00  0.000E+00  0.000E+00  0.000E+00  0.000E+00  0.000E+00