Index	PRESSURE   HC3N       C2H2CN     C2H3CN     NO         NO2        N2O        HNO        HNO2       NCO        HNCO    
   1  1.672E+06   7.431E+07  1.235E+05  3.634E+07  3.628E+11  5.314E+03  5.340E+06  4.547E+09  6.760E+04  1.245E+09  1.544E+12
   2  1.617E+06   6.454E+07  1.031E+05  3.292E+07  3.179E+11  4.326E+03  4.623E+06  3.888E+09  5.642E+04  1.082E+09  1.451E+12
   3  1.564E+06   5.539E+07  8.491E+04  2.960E+07  2.763E+11  3.477E+03  3.966E+06  3.296E+09  4.658E+04  9.311E+08  1.358E+12
   4  1.512E+06   4.778E+07  7.033E+04  2.668E+07  2.410E+11  2.811E+03  3.417E+06  2.806E+09  3.867E+04  8.046E+08  1.273E+12
   5  1.462E+06   4.105E+07  5.799E+04  2.399E+07  2.098E+11  2.265E+03  2.936E+06  2.382E+09  3.199E+04  6.931E+08  1.192E+12
   6  1.414E+06   3.511E+07  4.761E+04  2.151E+07  1.822E+11  1.819E+03  2.517E+06  2.018E+09  2.641E+04  5.953E+08  1.114E+12
   7  1.368E+06   3.021E+07  3.934E+04  1.935E+07  1.589E+11  1.470E+03  2.168E+06  1.718E+09  2.191E+04  5.138E+08  1.043E+12
   8  1.323E+06   2.563E+07  3.199E+04  1.724E+07  1.373E+11  1.172E+03  1.849E+06  1.449E+09  1.798E+04  4.385E+08  9.725E+11
   9  1.280E+06   2.188E+07  2.620E+04  1.543E+07  1.192E+11  9.409E+02  1.585E+06  1.227E+09  1.484E+04  3.763E+08  9.085E+11
  10  1.237E+06   1.861E+07  2.137E+04  1.377E+07  1.032E+11  7.524E+02  1.354E+06  1.037E+09  1.221E+04  3.219E+08  8.474E+11
  11  1.176E+06   1.433E+07  1.541E+04  1.147E+07  8.220E+10  5.286E+02  1.057E+06  7.955E+08  8.980E+03  2.510E+08  7.585E+11
  12  1.118E+06   1.103E+07  1.112E+04  9.548E+06  6.558E+10  3.723E+02  8.268E+05  6.115E+08  6.622E+03  1.959E+08  6.789E+11
  13  1.064E+06   8.501E+06  8.038E+03  7.952E+06  5.240E+10  2.629E+02  6.476E+05  4.711E+08  4.893E+03  1.531E+08  6.079E+11
  14  1.011E+06   6.410E+06  5.667E+03  6.526E+06  4.133E+10  1.820E+02  5.004E+05  3.579E+08  3.558E+03  1.177E+08  5.404E+11
  15  9.616E+05   4.837E+06  4.002E+03  5.356E+06  3.263E+10  1.262E+02  3.871E+05  2.724E+08  2.591E+03  9.054E+07  4.803E+11
  16  9.148E+05   3.656E+06  2.831E+03  4.398E+06  2.583E+10  8.789E+01  3.004E+05  2.079E+08  1.894E+03  6.982E+07  4.273E+11
  17  8.697E+05   2.701E+06  1.952E+03  3.557E+06  2.015E+10  5.984E+01  2.295E+05  1.562E+08  1.359E+03  5.287E+07  3.769E+11
  18  8.272E+05   2.025E+06  1.369E+03  2.903E+06  1.589E+10  4.143E+01  1.773E+05  1.188E+08  9.889E+02  4.055E+07  3.342E+11
  19  7.866E+05   1.481E+06  9.333E+02  2.330E+06  1.234E+10  2.804E+01  1.349E+05  8.892E+07  7.066E+02  3.051E+07  2.938E+11
  20  7.480E+05   1.086E+06  6.386E+02  1.872E+06  9.611E+09  1.904E+01  1.029E+05  6.674E+07  5.062E+02  2.301E+07  2.585E+11
  21  7.112E+05   7.867E+05  4.313E+02  1.492E+06  7.438E+09  1.281E+01  7.801E+04  4.978E+07  3.601E+02  1.721E+07  2.265E+11
  22  6.763E+05   5.633E+05  2.873E+02  1.180E+06  5.717E+09  8.528E+00  5.870E+04  3.688E+07  2.539E+02  1.275E+07  1.976E+11
  23  6.433E+05   3.977E+05  1.886E+02  9.233E+05  4.366E+09  5.621E+00  4.389E+04  2.713E+07  1.777E+02  9.361E+06  1.716E+11
  24  6.117E+05   2.820E+05  1.244E+02  7.246E+05  3.342E+09  3.719E+00  3.290E+04  2.002E+07  1.247E+02  6.894E+06  1.492E+11
  25  5.818E+05   1.971E+05  8.075E+01  5.627E+05  2.541E+09  2.436E+00  2.449E+04  1.467E+07  8.681E+01  5.027E+06  1.291E+11
  26  5.533E+05   1.360E+05  5.169E+01  4.332E+05  1.918E+09  1.577E+00  1.810E+04  1.067E+07  5.990E+01  3.631E+06  1.111E+11
  27  5.259E+05   9.261E+04  3.259E+01  3.302E+05  1.437E+09  1.009E+00  1.327E+04  7.700E+06  4.093E+01  2.596E+06  9.525E+10
  28  5.001E+05   6.329E+04  2.064E+01  2.523E+05  1.080E+09  6.494E-01  9.764E+03  5.578E+06  2.810E+01  1.863E+06  8.173E+10
  29  4.756E+05   4.258E+04  1.286E+01  1.907E+05  8.055E+08  4.127E-01  7.129E+03  4.007E+06  1.910E+01  1.322E+06  6.973E+10
  30  4.523E+05   2.885E+04  8.068E+00  1.447E+05  6.033E+08  2.641E-01  5.227E+03  2.893E+06  1.306E+01  9.433E+05  5.962E+10
  31  4.302E+05   1.968E+04  5.102E+00  1.102E+05  4.538E+08  1.702E-01  3.850E+03  2.098E+06  8.973E+00  6.768E+05  5.110E+10
  32  4.092E+05   1.354E+04  3.257E+00  8.447E+04  3.436E+08  1.107E-01  2.852E+03  1.532E+06  6.217E+00  4.894E+05  4.395E+10
  33  3.891E+05   9.192E+03  2.049E+00  6.408E+04  2.580E+08  7.115E-02  2.097E+03  1.110E+06  4.264E+00  3.501E+05  3.759E+10
  34  3.701E+05   6.469E+03  1.341E+00  4.983E+04  1.980E+08  4.723E-02  1.572E+03  8.219E+05  3.001E+00  2.576E+05  3.259E+10
  35  3.520E+05   4.726E+03  9.143E-01  3.976E+04  1.554E+08  3.245E-02  1.202E+03  6.233E+05  2.172E+00  1.952E+05  2.865E+10
  36  3.346E+05   3.517E+03  6.359E-01  3.213E+04  1.232E+08  2.262E-02  9.268E+02  4.774E+05  1.590E+00  1.499E+05  2.537E+10
  37  3.184E+05   2.725E+03  4.628E-01  2.670E+04  1.002E+08  1.638E-02  7.314E+02  3.756E+05  1.201E+00  1.189E+05  2.282E+10
  38  3.028E+05   2.159E+03  3.449E-01  2.254E+04  8.245E+07  1.208E-02  5.829E+02  2.992E+05  9.201E-01  9.581E+04  2.069E+10
  39  2.879E+05   1.700E+03  2.553E-01  1.893E+04  6.760E+07  8.858E-03  4.628E+02  2.374E+05  7.018E-01  7.688E+04  1.872E+10
  40  2.738E+05   1.366E+03  1.932E-01  1.613E+04  5.610E+07  6.615E-03  3.717E+02  1.907E+05  5.433E-01  6.264E+04  1.706E+10
  41  2.603E+05   1.090E+03  1.452E-01  1.368E+04  4.637E+07  4.914E-03  2.976E+02  1.526E+05  4.185E-01  5.078E+04  1.550E+10
  42  2.478E+05   8.631E+02  1.082E-01  1.153E+04  3.817E+07  3.630E-03  2.377E+02  1.217E+05  3.211E-01  4.094E+04  1.405E+10
  43  2.356E+05   6.800E+02  8.014E-02  9.678E+03  3.130E+07  2.665E-03  1.892E+02  9.657E+04  2.451E-01  3.285E+04  1.269E+10
  44  2.240E+05   5.164E+02  5.704E-02  7.919E+03  2.512E+07  1.896E-03  1.478E+02  7.497E+04  1.823E-01  2.564E+04  1.130E+10
  45  2.131E+05   4.002E+02  4.151E-02  6.566E+03  2.039E+07  1.373E-03  1.169E+02  5.890E+04  1.376E-01  2.031E+04  1.013E+10
  46  2.026E+05   3.083E+02  3.002E-02  5.423E+03  1.648E+07  9.888E-04  9.215E+01  4.607E+04  1.033E-01  1.602E+04  9.058E+09
  47  1.928E+05   2.499E+02  2.296E-02  4.635E+03  1.371E+07  7.450E-04  7.484E+01  3.715E+04  8.043E-02  1.313E+04  8.239E+09
  48  1.833E+05   2.013E+02  1.744E-02  3.937E+03  1.134E+07  5.570E-04  6.062E+01  2.977E+04  6.217E-02  1.069E+04  7.460E+09
  49  1.638E+05   1.535E+02  1.193E-02  3.162E+03  8.338E+06  3.491E-04  4.267E+01  2.047E+04  4.038E-02  7.913E+03  6.418E+09
  50  1.481E+05   1.482E+02  1.068E-02  2.986E+03  7.084E+06  2.745E-04  3.504E+01  1.646E+04  3.155E-02  7.050E+03  6.001E+09
  51  1.340E+05   1.644E+02  1.114E-02  3.119E+03  6.564E+06  2.441E-04  3.061E+01  1.447E+04  2.729E-02  7.005E+03  5.963E+09
  52  1.213E+05   1.885E+02  1.202E-02  3.332E+03  6.208E+06  2.236E-04  2.714E+01  1.299E+04  2.418E-02  7.142E+03  6.005E+09
  53  1.097E+05   2.022E+02  1.207E-02  3.400E+03  5.660E+06  1.936E-04  2.323E+01  1.123E+04  2.048E-02  6.933E+03  5.902E+09
  54  9.927E+04   2.089E+02  1.164E-02  3.375E+03  5.048E+06  1.623E-04  1.951E+01  9.491E+03  1.689E-02  6.539E+03  5.713E+09
  55  8.982E+04   2.151E+02  1.118E-02  3.340E+03  4.498E+06  1.359E-04  1.635E+01  8.016E+03  1.392E-02  6.156E+03  5.523E+09
  56  8.125E+04   2.284E+02  1.111E-02  3.377E+03  4.089E+06  1.171E-04  1.391E+01  6.909E+03  1.174E-02  5.944E+03  5.407E+09
  57  7.353E+04   2.580E+02  1.182E-02  3.560E+03  3.867E+06  1.068E-04  1.225E+01  6.204E+03  1.036E-02  6.022E+03  5.416E+09
  58  6.652E+04   2.902E+02  1.252E-02  3.735E+03  3.652E+06  9.724E-05  1.078E+01  5.562E+03  9.131E-03  6.092E+03  5.420E+09
  59  6.020E+04   3.349E+02  1.366E-02  3.984E+03  3.514E+06  9.095E-05  9.649E+00  5.085E+03  8.217E-03  6.292E+03  5.465E+09
  60  5.446E+04   3.615E+02  1.383E-02  4.054E+03  3.259E+06  8.034E-05  8.333E+00  4.474E+03  7.068E-03  6.194E+03  5.391E+09
  61  4.926E+04   3.997E+02  1.440E-02  4.183E+03  3.075E+06  7.280E-05  7.318E+00  4.007E+03  6.199E-03  6.224E+03  5.360E+09
  62  4.460E+04   4.653E+02  1.590E-02  4.455E+03  3.008E+06  6.958E-05  6.663E+00  3.728E+03  5.672E-03  6.530E+03  5.421E+09
  63  4.036E+04   5.689E+02  1.855E-02  4.878E+03  3.050E+06  7.007E-05  6.287E+00  3.597E+03  5.400E-03  7.140E+03  5.565E+09
  64  3.651E+04   7.258E+02  2.275E-02  5.458E+03  3.198E+06  7.412E-05  6.150E+00  3.595E+03  5.339E-03  8.098E+03  5.772E+09
  65  3.303E+04   9.332E+02  2.819E-02  6.092E+03  3.402E+06  8.003E-05  6.125E+00  3.647E+03  5.356E-03  9.271E+03  5.965E+09
  66  2.991E+04   1.141E+03  3.311E-02  6.536E+03  3.541E+06  8.357E-05  5.999E+00  3.619E+03  5.231E-03  1.025E+04  6.033E+09
  67  2.704E+04   1.223E+03  3.365E-02  6.402E+03  3.411E+06  7.771E-05  5.447E+00  3.313E+03  4.653E-03  1.036E+04  5.877E+09
  68  2.448E+04   1.287E+03  3.357E-02  6.161E+03  3.277E+06  7.193E-05  4.947E+00  3.026E+03  4.121E-03  1.038E+04  5.677E+09
  69  2.215E+04   1.396E+03  3.477E-02  5.989E+03  3.252E+06  6.987E-05  4.659E+00  2.860E+03  3.787E-03  1.073E+04  5.509E+09
  70  2.004E+04   1.582E+03  3.796E-02  5.891E+03  3.388E+06  7.283E-05  4.633E+00  2.841E+03  3.668E-03  1.161E+04  5.387E+09
  71  1.815E+04   1.948E+03  4.583E-02  5.995E+03  3.835E+06  8.585E-05  5.063E+00  3.078E+03  3.909E-03  1.353E+04  5.320E+09
  72  1.642E+04   2.321E+03  5.363E-02  5.846E+03  4.387E+06  1.027E-04  5.631E+00  3.370E+03  4.204E-03  1.576E+04  5.195E+09
  73  1.487E+04   2.645E+03  6.006E-02  5.462E+03  5.003E+06  1.223E-04  6.289E+00  3.681E+03  4.507E-03  1.803E+04  4.988E+09
  74  1.346E+04   2.779E+03  6.157E-02  4.802E+03  5.513E+06  1.385E-04  6.797E+00  3.878E+03  4.646E-03  1.967E+04  4.690E+09
  75  1.217E+04   2.677E+03  5.732E-02  3.986E+03  5.792E+06  1.461E-04  6.994E+00  3.886E+03  4.535E-03  2.029E+04  4.328E+09
  76  1.102E+04   2.512E+03  5.180E-02  3.258E+03  6.019E+06  1.517E-04  7.138E+00  3.853E+03  4.384E-03  2.046E+04  3.953E+09
  77  9.969E+03   2.212E+03  4.353E-02  2.571E+03  5.987E+06  1.475E-04  6.955E+00  3.647E+03  4.033E-03  1.967E+04  3.572E+09
  78  9.020E+03   1.867E+03  3.482E-02  1.982E+03  5.793E+06  1.376E-04  6.585E+00  3.356E+03  3.597E-03  1.836E+04  3.210E+09
  79  8.164E+03   1.583E+03  2.801E-02  1.536E+03  5.643E+06  1.295E-04  6.306E+00  3.108E+03  3.239E-03  1.712E+04  2.882E+09
  80  7.385E+03   1.303E+03  2.179E-02  1.166E+03  5.431E+06  1.196E-04  5.974E+00  2.841E+03  2.875E-03  1.574E+04  2.582E+09
  81  6.685E+03   1.122E+03  1.786E-02  9.088E+02  5.441E+06  1.174E-04  5.960E+00  2.708E+03  2.685E-03  1.487E+04  2.322E+09
  82  6.047E+03   9.380E+02  1.415E-02  6.939E+02  5.384E+06  1.130E-04  5.881E+00  2.547E+03  2.472E-03  1.386E+04  2.084E+09
  83  5.474E+03   8.042E+02  1.155E-02  5.385E+02  5.447E+06  1.124E-04  5.986E+00  2.452E+03  2.340E-03  1.310E+04  1.875E+09
  84  4.951E+03   6.608E+02  8.967E-03  4.082E+02  5.343E+06  1.067E-04  5.891E+00  2.285E+03  2.135E-03  1.205E+04  1.680E+09
  85  4.481E+03   5.500E+02  7.054E-03  3.135E+02  5.262E+06  1.019E-04  5.846E+00  2.138E+03  1.961E-03  1.110E+04  1.508E+09
  86  4.055E+03   4.533E+02  5.480E-03  2.408E+02  5.106E+06  9.512E-05  5.715E+00  1.971E+03  1.771E-03  1.007E+04  1.351E+09
  87  3.667E+03   3.729E+02  4.234E-03  1.863E+02  4.883E+06  8.684E-05  5.505E+00  1.788E+03  1.572E-03  9.018E+03  1.209E+09
  88  3.316E+03   3.063E+02  3.254E-03  1.454E+02  4.595E+06  7.736E-05  5.210E+00  1.595E+03  1.369E-03  7.960E+03  1.080E+09
  89  3.001E+03   2.572E+02  2.559E-03  1.161E+02  4.331E+06  6.909E-05  4.947E+00  1.426E+03  1.196E-03  7.028E+03  9.657E+08
  90  2.716E+03   2.213E+02  2.061E-03  9.505E+01  4.086E+06  6.181E-05  4.713E+00  1.276E+03  1.047E-03  6.202E+03  8.635E+08
  91  2.457E+03   1.861E+02  1.611E-03  7.759E+01  3.714E+06  5.229E-05  4.291E+00  1.098E+03  8.762E-04  5.315E+03  7.693E+08
  92  2.222E+03   1.600E+02  1.288E-03  6.480E+01  3.379E+06  4.425E-05  3.914E+00  9.457E+02  7.342E-04  4.551E+03  6.851E+08
  93  2.011E+03   1.402E+02  1.049E-03  5.522E+01  3.070E+06  3.741E-05  3.568E+00  8.140E+02  6.148E-04  3.894E+03  6.106E+08
  94  1.819E+03   1.224E+02  8.480E-04  4.737E+01  2.735E+06  3.070E-05  3.175E+00  6.861E+02  5.027E-04  3.279E+03  5.429E+08
  95  1.646E+03   1.084E+02  6.954E-04  4.126E+01  2.434E+06  2.516E-05  2.823E+00  5.779E+02  4.108E-04  2.758E+03  4.826E+08
  96  1.489E+03   9.701E+01  5.760E-04  3.636E+01  2.163E+06  2.058E-05  2.508E+00  4.861E+02  3.351E-04  2.316E+03  4.289E+08
  97  1.347E+03   8.762E+01  4.814E-04  3.237E+01  1.920E+06  1.680E-05  2.224E+00  4.084E+02  2.731E-04  1.943E+03  3.812E+08
  98  1.219E+03   7.958E+01  4.044E-04  2.900E+01  1.703E+06  1.369E-05  1.972E+00  3.426E+02  2.223E-04  1.628E+03  3.389E+08
  99  1.102E+03   7.100E+01  3.324E-04  2.582E+01  1.476E+06  1.079E-05  1.697E+00  2.808E+02  1.760E-04  1.341E+03  3.006E+08
 100  9.972E+02   6.485E+01  2.807E-04  2.332E+01  1.305E+06  8.754E-06  1.500E+00  2.350E+02  1.428E-04  1.122E+03  2.673E+08
 101  9.018E+02   5.803E+01  2.312E-04  2.087E+01  1.128E+06  6.856E-06  1.286E+00  1.918E+02  1.126E-04  9.210E+02  2.370E+08
 102  8.161E+02   5.311E+01  1.955E-04  1.892E+01  9.933E+05  5.534E-06  1.132E+00  1.599E+02  9.094E-05  7.680E+02  2.107E+08
 103  7.384E+02   4.745E+01  1.607E-04  1.696E+01  8.545E+05  4.307E-06  9.656E-01  1.301E+02  7.137E-05  6.292E+02  1.870E+08
 104  6.676E+02   4.135E+01  1.282E-04  1.500E+01  7.172E+05  3.231E-06  7.978E-01  1.031E+02  5.434E-05  5.056E+02  1.654E+08
 105  6.038E+02   3.593E+01  1.020E-04  1.326E+01  6.000E+05  2.412E-06  6.559E-01  8.147E+01  4.123E-05  4.053E+02  1.463E+08
 106  5.463E+02   3.113E+01  8.088E-05  1.171E+01  5.003E+05  1.792E-06  5.368E-01  6.417E+01  3.117E-05  3.245E+02  1.294E+08
 107  4.941E+02   2.624E+01  6.209E-05  1.020E+01  4.062E+05  1.279E-06  4.242E-01  4.917E+01  2.281E-05  2.544E+02  1.142E+08
 108  4.470E+02   2.202E+01  4.744E-05  8.867E+00  3.284E+05  9.077E-07  3.330E-01  3.751E+01  1.661E-05  1.989E+02  1.007E+08
 109  4.044E+02   1.840E+01  3.606E-05  7.691E+00  2.644E+05  6.400E-07  2.599E-01  2.851E+01  1.204E-05  1.551E+02  8.882E+07
 110  3.656E+02   1.494E+01  2.650E-05  6.574E+00  2.069E+05  4.323E-07  1.951E-01  2.102E+01  8.430E-06  1.183E+02  7.802E+07
 111  3.308E+02   1.236E+01  1.991E-05  5.673E+00  1.650E+05  3.005E-07  1.501E-01  1.582E+01  6.040E-06  9.156E+01  6.873E+07
 112  2.991E+02   9.932E+00  1.445E-05  4.823E+00  1.278E+05  1.998E-07  1.109E-01  1.154E+01  4.175E-06  6.928E+01  6.033E+07
 113  2.705E+02   7.927E+00  1.041E-05  4.087E+00  9.839E+04  1.318E-07  8.121E-02  8.374E+00  2.868E-06  5.222E+01  5.293E+07
 114  2.447E+02   6.293E+00  7.453E-06  3.455E+00  7.531E+04  8.616E-08  5.892E-02  6.039E+00  1.956E-06  3.919E+01  4.642E+07
 115  2.213E+02   4.967E+00  5.299E-06  2.913E+00  5.731E+04  5.583E-08  4.235E-02  4.330E+00  1.325E-06  2.929E+01  4.069E+07
 116  2.001E+02   3.897E+00  3.742E-06  2.448E+00  4.339E+04  3.589E-08  3.018E-02  3.087E+00  8.920E-07  2.180E+01  3.564E+07
 117  1.811E+02   3.040E+00  2.625E-06  2.052E+00  3.264E+04  2.286E-08  2.129E-02  2.187E+00  5.963E-07  1.615E+01  3.120E+07
 118  1.638E+02   2.358E+00  1.829E-06  1.716E+00  2.442E+04  1.443E-08  1.487E-02  1.540E+00  3.960E-07  1.191E+01  2.731E+07
 119  1.482E+02   1.821E+00  1.268E-06  1.433E+00  1.818E+04  9.041E-09  1.029E-02  1.078E+00  2.614E-07  8.744E+00  2.387E+07
 120  1.340E+02   1.399E+00  8.742E-07  1.195E+00  1.346E+04  5.614E-09  7.053E-03  7.509E-01  1.715E-07  6.391E+00  2.085E+07
 121  1.212E+02   1.075E+00  6.023E-07  9.985E-01  9.941E+03  3.466E-09  4.804E-03  5.205E-01  1.123E-07  4.653E+00  1.819E+07
 122  1.096E+02   8.293E-01  4.176E-07  8.405E-01  7.359E+03  2.140E-09  3.279E-03  3.611E-01  7.385E-08  3.384E+00  1.586E+07
 123  9.912E+01   6.538E-01  2.968E-07  7.149E-01  5.544E+03  1.360E-09  2.287E-03  2.560E-01  4.963E-08  2.502E+00  1.386E+07
 124  8.963E+01   5.268E-01  2.171E-07  6.221E-01  4.247E+03  8.794E-10  1.635E-03  1.838E-01  3.418E-08  1.858E+00  1.211E+07
 125  8.112E+01   4.414E-01  1.660E-07  5.559E-01  3.358E+03  5.944E-10  1.217E-03  1.357E-01  2.446E-08  1.409E+00  1.061E+07
 126  7.338E+01   3.871E-01  1.345E-07  5.202E-01  2.788E+03  4.230E-10  9.668E-04  1.026E-01  1.863E-08  1.079E+00  9.288E+06
 127  6.637E+01   3.596E-01  1.174E-07  5.163E-01  2.522E+03  3.297E-10  8.565E-04  8.028E-02  1.574E-08  8.398E-01  8.121E+06
 128  6.001E+01   3.563E-01  1.119E-07  5.464E-01  2.595E+03  2.950E-10  8.946E-04  6.605E-02  1.555E-08  6.691E-01  7.096E+06
 129  5.430E+01   3.779E-01  1.166E-07  6.051E-01  3.066E+03  3.128E-10  1.107E-03  5.796E-02  1.786E-08  5.587E-01  6.240E+06
 130  4.908E+01   4.165E-01  1.310E-07  7.027E-01  4.037E+03  3.716E-10  1.612E-03  5.446E-02  2.395E-08  4.784E-01  5.463E+06
 131  4.441E+01   4.756E-01  1.555E-07  8.256E-01  5.631E+03  4.832E-10  2.557E-03  5.460E-02  3.441E-08  4.296E-01  4.817E+06
 132  4.019E+01   5.512E-01  1.913E-07  9.718E-01  8.029E+03  6.570E-10  4.272E-03  5.797E-02  5.147E-08  4.001E-01  4.260E+06
 133  3.635E+01   6.387E-01  2.401E-07  1.139E+00  1.146E+04  9.067E-10  7.348E-03  6.467E-02  7.906E-08  3.817E-01  3.765E+06
 134  3.288E+01   7.374E-01  3.038E-07  1.314E+00  1.621E+04  1.263E-09  1.267E-02  7.461E-02  1.210E-07  3.732E-01  3.336E+06
 135  2.974E+01   8.434E-01  3.847E-07  1.497E+00  2.272E+04  1.761E-09  2.190E-02  8.866E-02  1.864E-07  3.701E-01  2.957E+06
 136  2.692E+01   9.549E-01  4.842E-07  1.673E+00  3.140E+04  2.457E-09  3.735E-02  1.069E-01  2.821E-07  3.726E-01  2.630E+06
 137  2.433E+01   1.058E+00  6.023E-07  1.844E+00  4.286E+04  3.396E-09  6.418E-02  1.308E-01  4.297E-07  3.746E-01  2.328E+06
 138  1.752E+01   1.370E+00  1.147E-06  2.314E+00  1.018E+05  8.896E-09  3.031E-01  2.611E-01  1.465E-06  3.903E-01  1.566E+06
 139  1.251E+01   1.521E+00  1.902E-06  2.530E+00  2.316E+05  2.393E-08  1.369E+00  5.313E-01  4.927E-06  3.990E-01  1.032E+06
 140  8.952E+00   1.606E+00  2.838E-06  2.447E+00  4.823E+05  6.143E-08  5.402E+00  1.078E+00  1.457E-05  4.165E-01  6.839E+05
 141  6.407E+00   1.739E+00  4.069E-06  2.176E+00  9.171E+05  1.451E-07  1.888E+01  2.249E+00  3.742E-05  4.553E-01  4.571E+05
 142  4.584E+00   2.025E+00  5.884E-06  1.854E+00  1.609E+06  3.139E-07  6.036E+01  4.934E+00  8.519E-05  5.232E-01  3.063E+05
 143  3.283E+00   2.648E+00  8.781E-06  1.553E+00  2.678E+06  6.199E-07  1.806E+02  1.126E+01  1.728E-04  6.284E-01  2.051E+05
 144  2.351E+00   3.735E+00  1.266E-05  1.276E+00  4.079E+06  1.023E-06  4.712E+02  2.408E+01  2.900E-04  7.337E-01  1.357E+05
 145  1.684E+00   5.665E+00  1.784E-05  1.046E+00  5.789E+06  1.438E-06  1.105E+03  4.853E+01  4.153E-04  8.151E-01  8.709E+04
 146  1.207E+00   9.031E+00  2.417E-05  8.573E-01  7.332E+06  1.629E-06  2.130E+03  8.620E+01  4.776E-04  8.387E-01  5.371E+04
 147  8.644E-01   1.454E+01  3.109E-05  7.054E-01  7.980E+06  1.460E-06  3.131E+03  1.275E+02  4.335E-04  7.718E-01  3.127E+04
 148  6.189E-01   2.328E+01  3.846E-05  5.865E-01  7.488E+06  1.070E-06  3.411E+03  1.528E+02  3.209E-04  6.170E-01  1.658E+04
 149  4.433E-01   3.485E+01  4.376E-05  4.784E-01  6.195E+06  6.692E-07  2.718E+03  1.415E+02  2.020E-04  4.149E-01  7.868E+03
 150  3.176E-01   4.856E+01  4.578E-05  3.753E-01  4.748E+06  3.770E-07  1.659E+03  1.026E+02  1.155E-04  2.293E-01  3.172E+03
 151  2.273E-01   6.408E+01  4.410E-05  2.772E-01  3.432E+06  1.937E-07  7.517E+02  5.612E+01  6.114E-05  1.032E-01  1.024E+03
 152  1.626E-01   8.280E+01  3.925E-05  1.897E-01  2.296E+06  8.979E-08  2.200E+02  2.082E+01  2.944E-05  4.156E-02  2.615E+02
 153  1.163E-01   1.020E+02  3.318E-05  1.222E-01  1.350E+06  3.619E-08  3.411E+01  4.607E+00  1.234E-05  2.165E-02  6.317E+01
 154  8.334E-02   1.082E+02  2.757E-05  7.808E-02  6.946E+05  1.265E-08  2.869E+00  6.742E-01  4.530E-06  1.766E-02  2.400E+01
 155  5.961E-02   9.963E+01  2.410E-05  5.316E-02  3.287E+05  4.012E-09  1.576E-01  1.080E-01  1.525E-06  1.644E-02  1.374E+01
 156  4.263E-02   8.621E+01  2.306E-05  4.037E-02  1.498E+05  1.211E-09  7.687E-03  2.946E-02  4.937E-07  1.495E-02  8.636E+00
 157  3.049E-02   7.338E+01  2.100E-05  2.957E-02  6.692E+04  3.577E-10  5.268E-04  1.021E-02  1.566E-07  1.324E-02  5.487E+00
 158  2.183E-02   6.202E+01  1.460E-05  1.668E-02  3.054E+04  1.091E-10  9.365E-05  3.715E-03  5.089E-08  1.164E-02  3.543E+00
 159  1.562E-02   5.779E+01  7.494E-06  6.993E-03  1.587E+04  3.825E-11  4.647E-05  1.529E-03  1.892E-08  1.029E-02  2.325E+00
 160  1.119E-02   7.243E+01  3.326E-06  2.564E-03  1.174E+04  1.966E-11  5.188E-05  8.850E-04  1.012E-08  9.377E-03  1.581E+00
 161  8.025E-03   1.249E+02  1.460E-06  9.232E-04  1.350E+04  1.649E-11  9.676E-05  7.757E-04  8.603E-09  9.615E-03  1.136E+00
 162  5.761E-03   2.483E+02  6.720E-07  3.488E-04  2.016E+04  1.923E-11  2.204E-04  8.572E-04  9.746E-09  1.207E-02  8.781E-01
 163  4.146E-03   5.417E+02  3.201E-07  1.332E-04  3.478E+04  2.894E-11  5.603E-04  1.079E-03  1.326E-08  1.947E-02  7.524E-01
 164  2.990E-03   1.234E+03  1.585E-07  5.131E-05  6.231E+04  5.095E-11  1.479E-03  1.407E-03  1.954E-08  3.433E-02  7.100E-01
 165  2.165E-03   2.941E+03  8.878E-08  1.936E-05  1.126E+05  9.903E-11  4.132E-03  1.856E-03  3.024E-08  6.007E-02  7.247E-01
 166  1.574E-03   6.427E+03  6.895E-08  7.117E-06  1.905E+05  1.891E-10  1.160E-02  2.316E-03  4.533E-08  1.018E-01  7.838E-01
 167  1.147E-03   1.142E+04  7.251E-08  2.948E-06  2.987E+05  3.425E-10  3.040E-02  2.713E-03  6.446E-08  1.683E-01  8.802E-01
 168  8.397E-04   1.700E+04  8.015E-08  1.650E-06  4.447E+05  5.993E-10  7.033E-02  3.074E-03  8.831E-08  2.761E-01  1.012E+00
 169  6.166E-04   2.094E+04  7.769E-08  1.129E-06  5.979E+05  9.614E-10  1.304E-01  3.226E-03  1.097E-07  4.419E-01  1.157E+00
 170  4.545E-04   2.180E+04  6.496E-08  7.848E-07  7.404E+05  1.468E-09  1.995E-01  3.228E-03  1.255E-07  6.974E-01  1.309E+00
 171  3.360E-04   1.912E+04  4.641E-08  4.974E-07  8.494E+05  2.176E-09  2.560E-01  3.122E-03  1.317E-07  1.062E+00  1.437E+00
 172  2.491E-04   1.435E+04  2.892E-08  2.801E-07  9.249E+05  3.277E-09  2.898E-01  3.012E-03  1.286E-07  1.549E+00  1.521E+00
 173  1.849E-04   9.249E+03  1.593E-08  1.390E-07  9.649E+05  5.211E-09  3.040E-01  2.981E-03  1.156E-07  2.119E+00  1.535E+00
 174  1.376E-04   5.133E+03  7.872E-09  6.080E-08  9.814E+05  9.302E-09  3.105E-01  3.155E-03  9.583E-08  2.707E+00  1.472E+00
 175  1.025E-04   2.403E+03  3.452E-09  2.287E-08  9.728E+05  1.959E-08  3.193E-01  3.722E-03  7.154E-08  3.200E+00  1.342E+00
 176  7.656E-05   8.886E+02  1.275E-09  6.920E-09  9.438E+05  5.259E-08  3.385E-01  5.173E-03  4.755E-08  3.535E+00  1.178E+00
 177  5.730E-05   2.257E+02  3.457E-10  1.449E-09  9.069E+05  1.976E-07  3.726E-01  8.973E-03  2.974E-08  3.801E+00  1.032E+00
 178  4.311E-05   2.577E+01  4.492E-11  1.392E-10  8.893E+05  1.256E-06  4.259E-01  2.141E-02  2.557E-08  4.376E+00  9.748E-01
 179  3.270E-05   1.636E-01  1.275E-12  6.036E-12  8.763E+05  1.558E-05  4.465E-01  7.387E-02  7.994E-08  5.988E+00  1.035E+00
 180  2.521E-05   1.022E-03  1.853E-10  4.265E-12  6.438E+05  2.345E-04  2.491E-01  2.683E-01  4.487E-07  6.224E+00  7.039E-01
 181  1.998E-05   1.471E-06  4.403E-12  6.089E-19  4.553E+04  2.897E-04  4.656E-03  3.576E-01  6.584E-07  4.627E-01  2.332E-02
 182  1.605E-05   2.574E-13  5.454E-16  4.032E-27  2.968E+00  7.567E-10  4.281E-09  4.914E-06  2.837E-13  1.040E-06  8.596E-09
 183  1.141E-05   9.380E-21  5.527E-21  2.618E-32  4.970E-05  4.218E-17  9.948E-16  1.921E-12  8.590E-21  1.805E-13  4.134E-16
 184  8.095E-06   2.732E-26  2.235E-26  6.799E-38  6.787E-10  1.208E-24  1.021E-22  5.686E-19  1.511E-28  2.493E-20  1.290E-23
 185  5.717E-06   0.000E+00  0.000E+00  0.000E+00  8.678E-15  0.000E+00  1.771E-36  1.607E-25  0.000E+00  3.162E-27  0.000E+00
 186  4.031E-06   0.000E+00  0.000E+00  0.000E+00  1.426E-19  0.000E+00  0.000E+00  0.000E+00  0.000E+00  0.000E+00  0.000E+00
 187  2.843E-06   0.000E+00  0.000E+00  0.000E+00  4.346E-24  0.000E+00  0.000E+00  0.000E+00  0.000E+00  0.000E+00  0.000E+00
 188  2.007E-06   0.000E+00  0.000E+00  0.000E+00  2.146E-28  0.000E+00  0.000E+00  0.000E+00  0.000E+00  0.000E+00  0.000E+00
 189  1.419E-06   0.000E+00  0.000E+00  0.000E+00  0.000E+00  0.000E+00  0.000E+00  0.000E+00  0.000E+00  0.000E+00  0.000E+00
 190  1.006E-06   0.000E+00  0.000E+00  0.000E+00  0.000E+00  0.000E+00  0.000E+00  0.000E+00  0.000E+00  0.000E+00  0.000E+00
 191  7.138E-07   0.000E+00  0.000E+00  0.000E+00  0.000E+00  0.000E+00  0.000E+00  0.000E+00  0.000E+00  0.000E+00  0.000E+00
 192  5.079E-07   0.000E+00  0.000E+00  0.000E+00  0.000E+00  0.000E+00  0.000E+00  0.000E+00  0.000E+00  0.000E+00  0.000E+00
 193  3.613E-07   0.000E+00  0.000E+00  0.000E+00  0.000E+00  0.000E+00  0.000E+00  0.000E+00  0.000E+00  0.000E+00  0.000E+00
 194  2.573E-07   0.000E+00  0.000E+00  0.000E+00  0.000E+00  0.000E+00  0.000E+00  0.000E+00  0.000E+00  0.000E+00  0.000E+00
 195  1.835E-07   0.000E+00  0.000E+00  0.000E+00  0.000E+00  0.000E+00  0.000E+00  0.000E+00  0.000E+00  0.000E+00  0.000E+00
 196  1.308E-07   0.000E+00  0.000E+00  0.000E+00  0.000E+00  0.000E+00  0.000E+00  0.000E+00  0.000E+00  0.000E+00  0.000E+00
 197  9.332E-08   0.000E+00  0.000E+00  0.000E+00  0.000E+00  0.000E+00  0.000E+00  0.000E+00  0.000E+00  0.000E+00  0.000E+00
 198  6.665E-08   0.000E+00  0.000E+00  0.000E+00  0.000E+00  0.000E+00  0.000E+00  0.000E+00  0.000E+00  0.000E+00  0.000E+00