Index   PRESSURE   C3H5       C3H6       C3H7       C3H8       C4H        C4H2       C4H3       C4H4       C4H5       C4H6    
   1   1.672E+06   4.954E+09  3.574E+10  1.125E+08  1.246E+09  5.548E+02  1.082E+07  6.190E+06  1.785E+07  7.720E+05  1.443E+07
   2   1.617E+06   4.404E+09  3.310E+10  9.951E+07  1.169E+09  4.211E+02  9.099E+06  5.046E+06  1.553E+07  6.573E+05  1.301E+07
   3   1.564E+06   3.888E+09  3.054E+10  8.750E+07  1.096E+09  3.128E+02  7.540E+06  4.049E+06  1.336E+07  5.532E+05  1.164E+07
   4   1.512E+06   3.442E+09  2.821E+10  7.715E+07  1.027E+09  2.344E+02  6.285E+06  3.271E+06  1.155E+07  4.677E+05  1.045E+07
   5   1.462E+06   3.040E+09  2.602E+10  6.785E+07  9.618E+08  1.746E+02  5.216E+06  2.629E+06  9.949E+06  3.939E+05  9.350E+06
   6   1.414E+06   2.677E+09  2.397E+10  5.958E+07  9.005E+08  1.290E+02  4.304E+06  2.101E+06  8.535E+06  3.306E+05  8.347E+06
   7   1.368E+06   2.367E+09  2.211E+10  5.247E+07  8.435E+08  9.641E+01  3.578E+06  1.693E+06  7.360E+06  2.788E+05  7.475E+06
   8   1.323E+06   2.074E+09  2.030E+10  4.587E+07  7.883E+08  7.021E+01  2.922E+06  1.339E+06  6.263E+06  2.320E+05  6.637E+06
   9   1.280E+06   1.825E+09  1.868E+10  4.022E+07  7.375E+08  5.175E+01  2.406E+06  1.067E+06  5.361E+06  1.943E+05  5.914E+06
  10   1.237E+06   1.602E+09  1.716E+10  3.521E+07  6.894E+08  3.789E+01  1.972E+06  8.473E+05  4.573E+06  1.621E+05  5.258E+06
  11   1.176E+06   1.301E+09  1.500E+10  2.853E+07  6.205E+08  2.296E+01  1.430E+06  5.844E+05  3.541E+06  1.212E+05  4.355E+06
  12   1.118E+06   1.057E+09  1.311E+10  2.314E+07  5.587E+08  1.392E+01  1.036E+06  4.031E+05  2.740E+06  9.069E+04  3.605E+06
  13   1.064E+06   8.600E+08  1.146E+10  1.879E+07  5.032E+08  8.469E+00  7.526E+05  2.788E+05  2.123E+06  6.795E+04  2.986E+06
  14   1.011E+06   6.899E+08  9.938E+09  1.508E+07  4.515E+08  4.952E+00  5.317E+05  1.872E+05  1.611E+06  4.982E+04  2.439E+06
  15   9.616E+05   5.537E+08  8.616E+09  1.210E+07  4.048E+08  2.904E+00  3.763E+05  1.259E+05  1.223E+06  3.656E+04  1.992E+06
  16   9.148E+05   4.448E+08  7.470E+09  9.721E+06  3.629E+08  1.709E+00  2.666E+05  8.487E+04  9.299E+05  2.687E+04  1.627E+06
  17   8.697E+05   3.523E+08  6.424E+09  7.718E+06  3.242E+08  9.651E-01  1.837E+05  5.552E+04  6.918E+05  1.931E+04  1.311E+06
  18   8.272E+05   2.813E+08  5.543E+09  6.166E+06  2.896E+08  5.604E-01  1.288E+05  3.702E+04  5.213E+05  1.406E+04  1.063E+06
  19   7.866E+05   2.213E+08  4.744E+09  4.867E+06  2.579E+08  3.113E-01  8.765E+04  2.391E+04  3.839E+05  1.000E+04  8.498E+05
  20   7.480E+05   1.742E+08  4.060E+09  3.845E+06  2.294E+08  1.740E-01  5.984E+04  1.549E+04  2.833E+05  7.130E+03  6.796E+05
  21   7.112E+05   1.362E+08  3.457E+09  3.019E+06  2.036E+08  9.519E-02  4.023E+04  9.886E+03  2.067E+05  5.023E+03  5.390E+05
  22   6.763E+05   1.056E+08  2.931E+09  2.356E+06  1.804E+08  5.099E-02  2.665E+04  6.209E+03  1.490E+05  3.497E+03  4.242E+05
  23   6.433E+05   8.125E+07  2.470E+09  1.825E+06  1.594E+08  2.667E-02  1.735E+04  3.830E+03  1.060E+05  2.402E+03  3.307E+05
  24   6.117E+05   6.261E+07  2.084E+09  1.416E+06  1.407E+08  1.407E-02  1.135E+04  2.376E+03  7.570E+04  1.656E+03  2.582E+05
  25   5.818E+05   4.781E+07  1.747E+09  1.090E+06  1.238E+08  7.240E-03  7.297E+03  1.447E+03  5.328E+04  1.125E+03  1.995E+05
  26   5.533E+05   3.621E+07  1.457E+09  8.339E+05  1.087E+08  3.641E-03  4.615E+03  8.657E+02  3.705E+04  7.548E+02  1.529E+05
  27   5.259E+05   2.717E+07  1.208E+09  6.325E+05  9.498E+07  1.789E-03  2.870E+03  5.091E+02  2.541E+04  4.994E+02  1.160E+05
  28   5.001E+05   2.044E+07  1.002E+09  4.808E+05  8.308E+07  8.864E-04  1.794E+03  3.010E+02  1.749E+04  3.316E+02  8.820E+04
  29   4.756E+05   1.522E+07  8.261E+08  3.625E+05  7.237E+07  4.277E-04  1.100E+03  1.744E+02  1.186E+04  2.169E+02  6.632E+04
  30   4.523E+05   1.138E+07  6.823E+08  2.740E+05  6.307E+07  2.088E-04  6.797E+02  1.019E+02  8.087E+03  1.427E+02  5.005E+04
  31   4.302E+05   8.538E+06  5.644E+08  2.078E+05  5.500E+07  1.033E-04  4.235E+02  6.010E+01  5.547E+03  9.447E+01  3.791E+04
  32   4.092E+05   6.435E+06  4.678E+08  1.581E+05  4.795E+07  5.179E-05  2.664E+02  3.580E+01  3.831E+03  6.299E+01  2.883E+04
  33   3.891E+05   4.811E+06  3.857E+08  1.194E+05  4.168E+07  2.543E-05  1.650E+02  2.098E+01  2.614E+03  4.147E+01  2.172E+04
  34   3.701E+05   3.671E+06  3.219E+08  9.166E+04  3.641E+07  1.325E-05  1.066E+02  1.285E+01  1.840E+03  2.820E+01  1.673E+04
  35   3.520E+05   2.862E+06  2.719E+08  7.160E+04  3.196E+07  7.353E-06  7.191E+01  8.238E+00  1.340E+03  1.984E+01  1.316E+04
  36   3.346E+05   2.255E+06  2.311E+08  5.637E+04  2.813E+07  4.204E-06  4.957E+01  5.401E+00  9.911E+02  1.419E+01  1.048E+04
  37   3.184E+05   1.820E+06  1.994E+08  4.528E+04  2.492E+07  2.575E-06  3.585E+01  3.725E+00  7.604E+02  1.054E+01  8.548E+03
  38   3.028E+05   1.487E+06  1.732E+08  3.671E+04  2.214E+07  1.633E-06  2.658E+01  2.637E+00  5.945E+02  7.974E+00  7.065E+03
  39   2.879E+05   1.210E+06  1.501E+08  2.967E+04  1.964E+07  1.025E-06  1.957E+01  1.852E+00  4.623E+02  6.002E+00  5.815E+03
  40   2.738E+05   9.971E+05  1.310E+08  2.422E+04  1.749E+07  6.663E-07  1.476E+01  1.335E+00  3.663E+02  4.604E+00  4.848E+03
  41   2.603E+05   8.186E+05  1.141E+08  1.971E+04  1.555E+07  4.290E-07  1.106E+01  9.552E-01  2.886E+02  3.513E+00  4.027E+03
  42   2.478E+05   6.697E+05  9.920E+07  1.600E+04  1.383E+07  2.729E-07  8.209E+00  6.775E-01  2.259E+02  2.663E+00  3.329E+03
  43   2.356E+05   5.459E+05  8.601E+07  1.294E+04  1.227E+07  1.723E-07  6.065E+00  4.778E-01  1.761E+02  2.009E+00  2.745E+03
  44   2.240E+05   4.357E+05  7.363E+07  1.030E+04  1.082E+07  1.025E-07  4.295E+00  3.223E-01  1.329E+02  1.467E+00  2.212E+03
  45   2.131E+05   3.523E+05  6.351E+07  8.277E+03  9.581E+06  6.322E-08  3.120E+00  2.234E-01  1.023E+02  1.092E+00  1.807E+03
  46   2.026E+05   2.840E+05  5.469E+07  6.635E+03  8.471E+06  3.867E-08  2.254E+00  1.539E-01  7.835E+01  8.099E-01  1.472E+03
  47   1.928E+05   2.365E+05  4.804E+07  5.462E+03  7.564E+06  2.589E-08  1.735E+00  1.133E-01  6.303E+01  6.313E-01  1.240E+03
  48   1.833E+05   1.962E+05  4.208E+07  4.482E+03  6.739E+06  1.722E-08  1.330E+00  8.303E-02  5.051E+01  4.900E-01  1.041E+03
  49   1.638E+05   1.482E+05  3.404E+07  3.217E+03  5.415E+06  1.013E-08  9.611E-01  5.501E-02  3.789E+01  3.438E-01  8.132E+02
  50   1.481E+05   1.317E+05  3.053E+07  2.662E+03  4.621E+06  9.151E-09  9.363E-01  5.024E-02  3.587E+01  3.080E-01  7.493E+02
  51   1.340E+05   1.259E+05  2.863E+07  2.338E+03  4.021E+06  1.021E-08  1.059E+00  5.362E-02  3.805E+01  3.100E-01  7.461E+02
  52   1.213E+05   1.225E+05  2.710E+07  2.081E+03  3.512E+06  1.198E-08  1.240E+00  5.941E-02  4.142E+01  3.204E-01  7.558E+02
  53   1.097E+05   1.144E+05  2.499E+07  1.791E+03  3.027E+06  1.256E-08  1.339E+00  6.047E-02  4.237E+01  3.107E-01  7.326E+02
  54   9.927E+04   1.045E+05  2.274E+07  1.514E+03  2.590E+06  1.242E-08  1.386E+00  5.887E-02  4.193E+01  2.913E-01  6.939E+02
  55   8.982E+04   9.515E+04  2.063E+07  1.276E+03  2.210E+06  1.220E-08  1.428E+00  5.703E-02  4.130E+01  2.719E-01  6.545E+02
  56   8.125E+04   8.800E+04  1.886E+07  1.088E+03  1.890E+06  1.259E-08  1.522E+00  5.723E-02  4.170E+01  2.603E-01  6.269E+02
  57   7.353E+04   8.410E+04  1.756E+07  9.520E+02  1.624E+06  1.439E-08  1.737E+00  6.180E-02  4.433E+01  2.626E-01  6.205E+02
  58   6.652E+04   8.000E+04  1.626E+07  8.287E+02  1.388E+06  1.635E-08  1.973E+00  6.636E-02  4.683E+01  2.634E-01  6.104E+02
  59   6.020E+04   7.702E+04  1.513E+07  7.277E+02  1.185E+06  1.942E-08  2.304E+00  7.346E-02  5.045E+01  2.696E-01  6.068E+02
  60   5.446E+04   7.108E+04  1.370E+07  6.169E+02  9.969E+05  2.055E-08  2.478E+00  7.457E-02  5.098E+01  2.584E-01  5.766E+02
  61   4.926E+04   6.626E+04  1.244E+07  5.264E+02  8.354E+05  2.271E-08  2.738E+00  7.790E-02  5.243E+01  2.522E-01  5.522E+02
  62   4.460E+04   6.342E+04  1.142E+07  4.578E+02  6.990E+05  2.754E-08  3.212E+00  8.678E-02  5.622E+01  2.572E-01  5.413E+02
  63   4.036E+04   6.192E+04  1.052E+07  4.030E+02  5.788E+05  3.649E-08  3.982E+00  1.025E-01  6.247E+01  2.720E-01  5.391E+02
  64   3.651E+04   6.142E+04  9.698E+06  3.575E+02  4.730E+05  5.250E-08  5.184E+00  1.277E-01  7.151E+01  2.968E-01  5.423E+02
  65   3.303E+04   6.065E+04  8.825E+06  3.144E+02  3.791E+05  7.733E-08  6.796E+00  1.605E-01  8.165E+01  3.232E-01  5.390E+02
  66   2.991E+04   5.793E+04  7.835E+06  2.688E+02  2.987E+05  1.054E-07  8.387E+00  1.896E-01  8.872E+01  3.348E-01  5.151E+02
  67   2.704E+04   5.104E+04  6.616E+06  2.150E+02  2.297E+05  1.149E-07  8.841E+00  1.897E-01  8.535E+01  3.062E-01  4.525E+02
  68   2.448E+04   4.425E+04  5.500E+06  1.694E+02  1.739E+05  1.222E-07  9.098E+00  1.854E-01  8.025E+01  2.737E-01  3.888E+02
  69   2.215E+04   3.856E+04  4.525E+06  1.331E+02  1.287E+05  1.391E-07  9.688E+00  1.881E-01  7.663E+01  2.488E-01  3.328E+02
  70   2.004E+04   3.378E+04  3.654E+06  1.039E+02  9.155E+04  1.744E-07  1.082E+01  2.014E-01  7.455E+01  2.309E-01  2.820E+02
  71   1.815E+04   3.039E+04  2.917E+06  8.176E+01  6.237E+04  2.617E-07  1.334E+01  2.404E-01  7.657E+01  2.269E-01  2.407E+02
  72   1.642E+04   2.619E+04  2.215E+06  6.144E+01  4.019E+04  3.815E-07  1.574E+01  2.751E-01  7.461E+01  2.117E-01  1.932E+02
  73   1.487E+04   2.171E+04  1.619E+06  4.441E+01  2.494E+04  5.252E-07  1.758E+01  2.979E-01  6.890E+01  1.873E-01  1.473E+02
  74   1.346E+04   1.701E+04  1.137E+06  3.059E+01  1.507E+04  6.325E-07  1.776E+01  2.905E-01  5.863E+01  1.524E-01  1.054E+02
  75   1.217E+04   1.264E+04  7.745E+05  2.018E+01  8.995E+03  6.510E-07  1.609E+01  2.526E-01  4.595E+01  1.139E-01  7.141E+01
  76   1.102E+04   9.266E+03  5.245E+05  1.321E+01  5.379E+03  6.385E-07  1.411E+01  2.123E-01  3.521E+01  8.327E-02  4.778E+01
  77   9.969E+03   6.572E+03  3.512E+05  8.442E+00  3.239E+03  5.513E-07  1.141E+01  1.636E-01  2.554E+01  5.749E-02  3.108E+01
  78   9.020E+03   4.557E+03  2.334E+05  5.318E+00  1.960E+03  4.368E-07  8.734E+00  1.189E-01  1.785E+01  3.819E-02  1.983E+01
  79   8.164E+03   3.180E+03  1.561E+05  3.370E+00  1.194E+03  3.487E-07  6.736E+00  8.708E-02  1.257E+01  2.557E-02  1.275E+01
  80   7.385E+03   2.175E+03  1.030E+05  2.100E+00  7.216E+02  2.639E-07  5.001E+00  6.127E-02  8.592E+00  1.660E-02  8.029E+00
  81   6.685E+03   1.532E+03  6.904E+04  1.339E+00  4.378E+02  2.192E-07  3.952E+00  4.608E-02  6.148E+00  1.130E-02  5.201E+00
  82   6.047E+03   1.058E+03  4.572E+04  8.399E-01  2.639E+02  1.730E-07  3.013E+00  3.335E-02  4.277E+00  7.476E-03  3.303E+00
  83   5.474E+03   7.468E+02  3.069E+04  5.365E-01  1.604E+02  1.441E-07  2.388E+00  2.515E-02  3.068E+00  5.103E-03  2.145E+00
  84   4.951E+03   5.152E+02  2.043E+04  3.372E-01  9.778E+01  1.103E-07  1.794E+00  1.790E-02  2.122E+00  3.352E-03  1.366E+00
  85   4.481E+03   3.619E+02  1.386E+04  2.160E-01  6.080E+01  8.637E-08  1.378E+00  1.304E-02  1.502E+00  2.255E-03  8.916E-01
  86   4.055E+03   2.550E+02  9.499E+03  1.392E-01  3.842E+01  6.597E-08  1.050E+00  9.391E-03  1.063E+00  1.516E-03  5.871E-01
  87   3.667E+03   1.814E+02  6.624E+03  9.093E-02  2.486E+01  4.971E-08  8.009E-01  6.767E-03  7.608E-01  1.029E-03  3.940E-01
  88   3.316E+03   1.303E+02  4.698E+03  6.015E-02  1.646E+01  3.685E-08  6.110E-01  4.863E-03  5.490E-01  7.036E-04  2.693E-01
  89   3.001E+03   9.633E+01  3.431E+03  4.100E-02  1.123E+01  2.828E-08  4.832E-01  3.624E-03  4.111E-01  4.996E-04  1.912E-01
  90   2.716E+03   7.340E+01  2.584E+03  2.881E-02  7.905E+00  2.259E-08  3.977E-01  2.811E-03  3.206E-01  3.694E-04  1.414E-01
  91   2.457E+03   5.537E+01  1.957E+03  2.019E-02  5.669E+00  1.678E-08  3.148E-01  2.088E-03  2.449E-01  2.672E-04  1.043E-01
  92   2.222E+03   4.292E+01  1.522E+03  1.453E-02  4.177E+00  1.292E-08  2.584E-01  1.608E-03  1.940E-01  2.003E-04  7.986E-02
  93   2.011E+03   3.407E+01  1.215E+03  1.073E-02  3.159E+00  1.022E-08  2.182E-01  1.275E-03  1.583E-01  1.548E-04  6.311E-02
  94   1.819E+03   2.709E+01  9.783E+02  7.959E-03  2.429E+00  7.865E-09  1.824E-01  9.976E-04  1.291E-01  1.194E-04  5.030E-02
  95   1.646E+03   2.194E+01  8.035E+02  6.018E-03  1.905E+00  6.185E-09  1.560E-01  7.991E-04  1.079E-01  9.442E-05  4.111E-02
  96   1.489E+03   1.804E+01  6.702E+02  4.619E-03  1.518E+00  4.944E-09  1.359E-01  6.516E-04  9.186E-02  7.604E-05  3.428E-02
  97   1.347E+03   1.503E+01  5.667E+02  3.594E-03  1.228E+00  4.013E-09  1.204E-01  5.401E-04  7.958E-02  6.232E-05  2.911E-02
  98   1.219E+03   1.263E+01  4.840E+02  2.824E-03  1.004E+00  3.288E-09  1.077E-01  4.526E-04  6.978E-02  5.169E-05  2.504E-02
  99   1.102E+03   1.049E+01  4.118E+02  2.199E-03  8.229E-01  2.562E-09  9.349E-02  3.666E-04  5.991E-02  4.193E-05  2.131E-02
 100   9.972E+02   8.941E+00  3.573E+02  1.754E-03  6.844E-01  2.124E-09  8.501E-02  3.119E-04  5.345E-02  3.539E-05  1.869E-02
 101   9.018E+02   7.492E+00  3.075E+02  1.380E-03  5.685E-01  1.665E-09  7.448E-02  2.550E-04  4.644E-02  2.905E-05  1.614E-02
 102   8.161E+02   6.442E+00  2.695E+02  1.111E-03  4.782E-01  1.388E-09  6.829E-02  2.187E-04  4.186E-02  2.476E-05  1.433E-02
 103   7.384E+02   5.421E+00  2.333E+02  8.790E-04  4.005E-01  1.085E-09  5.992E-02  1.789E-04  3.652E-02  2.041E-05  1.245E-02
 104   6.676E+02   4.455E+00  1.992E+02  6.821E-04  3.333E-01  7.927E-10  5.016E-02  1.394E-04  3.073E-02  1.621E-05  1.056E-02
 105   6.038E+02   3.658E+00  1.701E+02  5.292E-04  2.778E-01  5.751E-10  4.181E-02  1.081E-04  2.579E-02  1.284E-05  8.952E-03
 106   5.463E+02   2.997E+00  1.452E+02  4.102E-04  2.319E-01  4.136E-10  3.465E-02  8.329E-05  2.156E-02  1.013E-05  7.575E-03
 107   4.941E+02   2.389E+00  1.218E+02  3.108E-04  1.919E-01  2.758E-10  2.722E-02  6.068E-05  1.731E-02  7.667E-06  6.226E-03
 108   4.470E+02   1.899E+00  1.021E+02  2.350E-04  1.588E-01  1.819E-10  2.122E-02  4.387E-05  1.380E-02  5.767E-06  5.100E-03
 109   4.044E+02   1.502E+00  8.526E+01  1.770E-04  1.313E-01  1.184E-10  1.639E-02  3.141E-05  1.093E-02  4.305E-06  4.157E-03
 110   3.656E+02   1.153E+00  6.995E+01  1.301E-04  1.075E-01  7.123E-11  1.198E-02  2.120E-05  8.292E-03  3.075E-06  3.287E-03
 111   3.308E+02   9.033E-01  5.806E+01  9.721E-05  8.855E-02  4.517E-11  9.082E-03  1.488E-05  6.466E-03  2.260E-06  2.651E-03
 112   2.991E+02   6.865E-01  4.731E+01  7.083E-05  7.229E-02  2.640E-11  6.505E-03  9.840E-06  4.823E-03  1.587E-06  2.072E-03
 113   2.705E+02   5.183E-01  3.838E+01  5.134E-05  5.887E-02  1.518E-11  4.604E-03  6.425E-06  3.560E-03  1.102E-06  1.607E-03
 114   2.447E+02   3.891E-01  3.103E+01  3.705E-05  4.792E-02  8.599E-12  3.227E-03  4.154E-06  2.603E-03  7.585E-07  1.239E-03
 115   2.213E+02   2.905E-01  2.500E+01  2.661E-05  3.893E-02  4.828E-12  2.252E-03  2.672E-06  1.887E-03  5.177E-07  9.499E-04
 116   2.001E+02   2.154E-01  2.006E+01  1.901E-05  3.156E-02  2.756E-12  1.606E-03  1.755E-06  1.357E-03  3.503E-07  7.235E-04
 117   1.811E+02   1.589E-01  1.604E+01  1.353E-05  2.557E-02  1.769E-12  1.294E-03  1.304E-06  9.683E-04  2.361E-07  5.480E-04
 118   1.638E+02   1.165E-01  1.277E+01  9.572E-06  2.068E-02  1.511E-12  1.394E-03  1.295E-06  6.914E-04  1.606E-07  4.134E-04
 119   1.482E+02   8.499E-02  1.015E+01  6.753E-06  1.674E-02  1.658E-12  1.941E-03  1.659E-06  5.000E-04  1.130E-07  3.124E-04
 120   1.340E+02   6.175E-02  8.042E+00  4.746E-06  1.355E-02  1.898E-12  2.829E-03  2.227E-06  3.710E-04  8.419E-08  2.376E-04
 121   1.212E+02   4.487E-02  6.381E+00  3.341E-06  1.104E-02  1.996E-12  3.809E-03  2.761E-06  2.856E-04  6.711E-08  1.843E-04
 122   1.096E+02   3.283E-02  5.090E+00  2.368E-06  9.119E-03  1.893E-12  4.632E-03  3.101E-06  2.287E-04  5.649E-08  1.473E-04
 123   9.912E+01   2.450E-02  4.111E+00  1.706E-06  7.546E-03  1.719E-12  5.295E-03  3.275E-06  1.914E-04  4.961E-08  1.222E-04
 124   8.963E+01   1.882E-02  3.392E+00  1.265E-06  6.493E-03  1.455E-12  5.620E-03  3.240E-06  1.645E-04  4.432E-08  1.064E-04
 125   8.112E+01   1.503E-02  2.882E+00  9.716E-07  5.705E-03  1.221E-12  5.790E-03  3.120E-06  1.460E-04  4.016E-08  9.675E-05
 126   7.338E+01   1.272E-02  2.560E+00  7.900E-07  5.379E-03  9.892E-13  5.702E-03  2.912E-06  1.326E-04  3.676E-08  9.323E-05
 127   6.637E+01   1.162E-02  2.411E+00  6.932E-07  5.559E-03  7.868E-13  5.431E-03  2.677E-06  1.246E-04  3.437E-08  9.625E-05
 128   6.001E+01   1.164E-02  2.422E+00  6.662E-07  6.435E-03  6.279E-13  5.069E-03  2.479E-06  1.236E-04  3.356E-08  1.082E-04
 129   5.430E+01   1.251E-02  2.563E+00  6.842E-07  7.697E-03  5.474E-13  4.904E-03  2.395E-06  1.342E-04  3.513E-08  1.302E-04
 130   4.908E+01   1.472E-02  2.837E+00  7.691E-07  1.066E-02  4.819E-13  4.682E-03  2.403E-06  1.576E-04  4.026E-08  1.739E-04
 131   4.441E+01   1.796E-02  3.195E+00  8.923E-07  1.467E-02  4.764E-13  4.758E-03  2.580E-06  2.017E-04  5.061E-08  2.425E-04
 132   4.019E+01   2.253E-02  3.617E+00  1.061E-06  2.047E-02  5.159E-13  5.088E-03  2.962E-06  2.726E-04  6.895E-08  3.477E-04
 133   3.635E+01   2.890E-02  4.074E+00  1.287E-06  2.954E-02  5.924E-13  5.634E-03  3.609E-06  3.770E-04  1.002E-07  5.046E-04
 134   3.288E+01   3.690E-02  4.529E+00  1.549E-06  4.140E-02  7.280E-13  6.494E-03  4.589E-06  5.230E-04  1.492E-07  7.171E-04
 135   2.974E+01   4.721E-02  4.966E+00  1.866E-06  5.827E-02  9.237E-13  7.626E-03  6.033E-06  7.168E-04  2.256E-07  9.987E-04
 136   2.692E+01   5.913E-02  5.351E+00  2.202E-06  7.809E-02  1.205E-12  9.049E-03  7.945E-06  9.611E-04  3.345E-07  1.338E-03
 137   2.433E+01   7.413E-02  5.668E+00  2.597E-06  1.071E-01  1.542E-12  1.058E-02  1.055E-05  1.250E-03  4.942E-07  1.751E-03
 138   1.752E+01   1.408E-01  6.218E+00  4.062E-06  2.530E-01  3.256E-12  1.624E-02  2.444E-05  2.493E-03  1.524E-06  3.450E-03
 139   1.251E+01   2.358E-01  5.864E+00  5.665E-06  5.057E-01  5.185E-12  1.906E-02  4.541E-05  3.734E-03  3.729E-06  5.132E-03
 140   8.952E+00   3.492E-01  4.947E+00  6.897E-06  7.727E-01  6.977E-12  1.813E-02  6.617E-05  4.715E-03  7.348E-06  6.050E-03
 141   6.407E+00   4.889E-01  3.936E+00  7.697E-06  9.737E-01  9.159E-12  1.557E-02  8.398E-05  5.713E-03  1.315E-05  6.372E-03
 142   4.584E+00   6.917E-01  3.108E+00  8.340E-06  1.110E+00  1.308E-11  1.354E-02  1.059E-04  7.398E-03  2.435E-05  6.915E-03
 143   3.283E+00   1.028E+00  2.548E+00  8.928E-06  1.175E+00  2.332E-11  1.382E-02  1.518E-04  1.120E-02  5.099E-05  8.801E-03
 144   2.351E+00   1.554E+00  2.170E+00  9.172E-06  1.155E+00  5.197E-11  1.787E-02  2.623E-04  1.944E-02  1.163E-04  1.327E-02
 145   1.684E+00   2.438E+00  1.924E+00  9.407E-06  1.117E+00  1.393E-10  2.864E-02  5.581E-04  3.874E-02  2.932E-04  2.326E-02
 146   1.207E+00   3.742E+00  1.725E+00  9.096E-06  9.935E-01  4.485E-10  5.730E-02  1.411E-03  8.530E-02  7.267E-04  4.275E-02
 147   8.644E-01   5.331E+00  1.494E+00  7.921E-06  7.791E-01  1.582E-09  1.331E-01  3.875E-03  2.054E-01  1.665E-03  7.796E-02
 148   6.189E-01   6.967E+00  1.219E+00  6.149E-06  5.317E-01  5.860E-09  3.412E-01  1.107E-02  5.784E-01  3.791E-03  1.501E-01
 149   4.433E-01   8.160E+00  9.141E-01  4.185E-06  3.118E-01  2.089E-08  8.958E-01  3.044E-02  1.800E+00  8.548E-03  2.989E-01
 150   3.176E-01   8.977E+00  6.426E-01  2.706E-06  1.702E-01  7.090E-08  2.349E+00  8.354E-02  6.157E+00  2.067E-02  6.445E-01
 151   2.273E-01   9.636E+00  4.325E-01  1.755E-06  8.999E-02  2.515E-07  6.660E+00  2.538E-01  2.359E+01  5.600E-02  1.559E+00
 152   1.626E-01   1.256E+01  3.148E-01  1.137E-06  4.496E-02  1.020E-06  2.189E+01  8.835E-01  9.494E+01  1.568E-01  3.928E+00
 153   1.163E-01   1.296E+01  2.012E-01  7.197E-07  2.051E-02  4.441E-06  7.684E+01  3.132E+00  3.580E+02  4.027E-01  9.147E+00
 154   8.334E-02   1.259E+01  1.229E-01  4.544E-07  8.633E-03  1.722E-05  2.449E+02  9.527E+00  1.107E+03  8.393E-01  1.732E+01
 155   5.961E-02   1.095E+01  6.895E-02  2.803E-07  3.216E-03  5.271E-05  6.286E+02  2.182E+01  2.526E+03  1.284E+00  2.392E+01
 156   4.263E-02   7.923E+00  3.240E-02  1.475E-07  9.489E-04  1.119E-04  1.137E+03  3.301E+01  3.770E+03  1.292E+00  2.136E+01
 157   3.049E-02   4.547E+00  1.165E-02  5.393E-08  1.880E-04  1.547E-04  1.329E+03  3.064E+01  3.448E+03  8.061E-01  1.155E+01
 158   2.183E-02   2.105E+00  3.337E-03  1.341E-08  2.512E-05  1.484E-04  1.041E+03  1.839E+01  2.040E+03  3.296E-01  3.969E+00
 159   1.562E-02   8.823E-01  8.932E-04  2.828E-09  2.809E-06  1.290E-04  6.759E+02  8.953E+00  9.809E+02  1.112E-01  1.097E+00
 160   1.119E-02   3.951E-01  2.708E-04  6.944E-10  3.692E-07  1.620E-04  5.331E+02  5.228E+00  5.574E+02  4.473E-02  3.497E-01
 161   8.025E-03   2.068E-01  9.916E-05  2.277E-10  6.441E-08  3.668E-04  6.069E+02  4.377E+00  4.530E+02  2.594E-02  1.577E-01
 162   5.761E-03   1.165E-01  4.000E-05  9.552E-11  1.439E-08  1.169E-03  8.886E+02  4.692E+00  4.667E+02  1.916E-02  8.890E-02
 163   4.146E-03   6.844E-02  1.694E-05  4.690E-11  3.673E-09  4.246E-03  1.456E+03  5.625E+00  5.359E+02  1.583E-02  5.657E-02
 164   2.991E-03   3.806E-02  6.874E-06  2.386E-11  9.653E-10  1.509E-02  2.486E+03  7.024E+00  6.028E+02  1.282E-02  3.517E-02
 165   2.166E-03   1.736E-02  2.319E-06  9.335E-12  1.950E-10  6.749E-02  5.853E+03  1.218E+01  5.535E+02  8.487E-03  1.791E-02
 166   1.575E-03   5.498E-03  5.253E-07  1.476E-12  1.647E-11  2.093E-01  1.004E+04  1.531E+01  2.751E+02  3.042E-03  4.843E-03
 167   1.148E-03   1.567E-03  1.050E-07  1.726E-13  1.072E-12  3.778E-01  1.041E+04  1.162E+01  1.088E+02  8.662E-04  1.005E-03
 168   8.405E-04   4.238E-04  2.007E-08  1.803E-14  6.446E-14  5.458E-01  8.987E+03  7.371E+00  3.890E+01  2.231E-04  1.846E-04
 169   6.172E-04   1.089E-04  3.711E-09  1.858E-15  3.965E-15  6.821E-01  6.978E+03  4.215E+00  1.336E+01  5.517E-05  3.160E-05
 170   4.549E-04   2.690E-05  6.691E-10  1.894E-16  2.487E-16  7.679E-01  5.005E+03  2.234E+00  4.471E+00  1.326E-05  5.161E-06
 171   3.363E-04   6.314E-06  1.166E-10  1.991E-17  1.667E-17  7.911E-01  3.362E+03  1.112E+00  1.491E+00  3.157E-06  8.150E-07
 172   2.493E-04   1.400E-06  1.959E-11  2.149E-18  1.190E-18  7.552E-01  2.126E+03  5.225E-01  4.955E-01  7.418E-07  1.240E-07
 173   1.851E-04   2.886E-07  3.167E-12  2.488E-19  9.574E-20  6.775E-01  1.283E+03  2.348E-01  1.677E-01  1.745E-07  1.824E-08
 174   1.379E-04   5.651E-08  5.165E-13  3.058E-20  8.684E-21  5.737E-01  7.404E+02  1.012E-01  5.735E-02  4.050E-08  2.562E-09
 175   1.028E-04   1.183E-08  1.006E-13  4.226E-21  9.793E-22  4.565E-01  4.065E+02  4.175E-02  2.032E-02  9.382E-09  3.414E-10
 176   7.686E-05   3.273E-09  3.105E-14  6.542E-22  1.520E-22  3.269E-01  2.026E+02  1.588E-02  7.356E-03  2.097E-09  4.103E-11
 177   5.758E-05   1.068E-09  1.454E-14  1.033E-22  3.910E-23  1.868E-01  7.942E+01  5.008E-03  2.492E-03  4.021E-10  3.883E-12
 178   4.334E-05   1.473E-10  3.930E-15  1.191E-23  2.133E-23  6.217E-02  1.613E+01  9.739E-04  5.594E-04  4.434E-11  1.885E-13
 179   3.288E-05   3.392E-12  2.633E-16  6.742E-25  1.703E-23  1.342E-03  1.315E-01  6.036E-06  5.313E-06  1.398E-13  3.069E-16
 180   2.533E-05   3.645E-15  6.234E-17  1.341E-25  2.247E-25  5.227E-06  7.576E-05  2.906E-11  2.516E-10  2.540E-18  1.192E-19
 181   2.005E-05   5.896E-18  1.320E-20  3.002E-28  1.410E-33  2.989E-08  2.657E-08  5.010E-15  1.468E-14  2.678E-22  3.433E-25
 182   1.608E-05   1.657E-27  4.990E-34  0.000E+00  0.000E+00  2.134E-11  1.261E-14  4.543E-23  5.817E-23  9.085E-36  0.000E+00
 183   1.143E-05   0.000E+00  0.000E+00  0.000E+00  0.000E+00  5.153E-15  6.987E-21  1.477E-34  5.986E-38  0.000E+00  0.000E+00
 184   8.110E-06   0.000E+00  0.000E+00  0.000E+00  0.000E+00  1.375E-19  8.658E-28  0.000E+00  0.000E+00  0.000E+00  0.000E+00
 185   5.728E-06   0.000E+00  0.000E+00  0.000E+00  0.000E+00  5.442E-25  0.000E+00  0.000E+00  0.000E+00  0.000E+00  0.000E+00
 186   4.039E-06   0.000E+00  0.000E+00  0.000E+00  0.000E+00  0.000E+00  0.000E+00  0.000E+00  0.000E+00  0.000E+00  0.000E+00
 187   2.848E-06   0.000E+00  0.000E+00  0.000E+00  0.000E+00  0.000E+00  0.000E+00  0.000E+00  0.000E+00  0.000E+00  0.000E+00
 188   2.011E-06   0.000E+00  0.000E+00  0.000E+00  0.000E+00  0.000E+00  0.000E+00  0.000E+00  0.000E+00  0.000E+00  0.000E+00
 189   1.422E-06   0.000E+00  0.000E+00  0.000E+00  0.000E+00  0.000E+00  0.000E+00  0.000E+00  0.000E+00  0.000E+00  0.000E+00
 190   1.008E-06   0.000E+00  0.000E+00  0.000E+00  0.000E+00  0.000E+00  0.000E+00  0.000E+00  0.000E+00  0.000E+00  0.000E+00
 191   7.152E-07   0.000E+00  0.000E+00  0.000E+00  0.000E+00  0.000E+00  0.000E+00  0.000E+00  0.000E+00  0.000E+00  0.000E+00
 192   5.089E-07   0.000E+00  0.000E+00  0.000E+00  0.000E+00  0.000E+00  0.000E+00  0.000E+00  0.000E+00  0.000E+00  0.000E+00
 193   3.620E-07   0.000E+00  0.000E+00  0.000E+00  0.000E+00  0.000E+00  0.000E+00  0.000E+00  0.000E+00  0.000E+00  0.000E+00
 194   2.579E-07   0.000E+00  0.000E+00  0.000E+00  0.000E+00  0.000E+00  0.000E+00  0.000E+00  0.000E+00  0.000E+00  0.000E+00
 195   1.839E-07   0.000E+00  0.000E+00  0.000E+00  0.000E+00  0.000E+00  0.000E+00  0.000E+00  0.000E+00  0.000E+00  0.000E+00
 196   1.311E-07   0.000E+00  0.000E+00  0.000E+00  0.000E+00  0.000E+00  0.000E+00  0.000E+00  0.000E+00  0.000E+00  0.000E+00
 197   9.351E-08   0.000E+00  0.000E+00  0.000E+00  0.000E+00  0.000E+00  0.000E+00  0.000E+00  0.000E+00  0.000E+00  0.000E+00
 198   6.679E-08   0.000E+00  0.000E+00  0.000E+00  0.000E+00  0.000E+00  0.000E+00  0.000E+00  0.000E+00  0.000E+00  0.000E+00