Index  PRESSURE   C4H8       C4H9       C4H10      C5H3       C5H4       C6H2       C6H3       C6H4       C6H5       LC6H6   
   1  9.998E+05   3.405E+05  1.793E+02  1.048E+04  1.122E+04  2.276E+03  4.729E+00  3.555E-04  1.516E+00  6.563E-02  1.126E-01
   2  9.669E+05   3.133E+05  1.570E+02  9.721E+03  9.264E+03  1.956E+03  3.817E+00  2.810E-04  1.263E+00  5.770E-02  9.607E-02
   3  9.352E+05   2.882E+05  1.374E+02  9.027E+03  7.619E+03  1.677E+03  3.068E+00  2.212E-04  1.049E+00  5.064E-02  8.178E-02
   4  9.042E+05   2.651E+05  1.201E+02  8.380E+03  6.247E+03  1.435E+03  2.457E+00  1.734E-04  8.680E-01  4.435E-02  6.946E-02
   5  8.747E+05   2.436E+05  1.050E+02  7.770E+03  5.140E+03  1.230E+03  1.976E+00  1.366E-04  7.208E-01  3.888E-02  5.911E-02
   6  8.459E+05   2.241E+05  9.177E+01  7.229E+03  4.182E+03  1.046E+03  1.567E+00  1.060E-04  5.922E-01  3.389E-02  4.996E-02
   7  8.182E+05   2.058E+05  8.010E+01  6.703E+03  3.415E+03  8.915E+02  1.248E+00  8.268E-05  4.880E-01  2.955E-02  4.226E-02
   8  7.912E+05   1.887E+05  6.982E+01  6.215E+03  2.777E+03  7.574E+02  9.894E-01  6.417E-05  4.006E-01  2.570E-02  3.565E-02
   9  7.652E+05   1.731E+05  6.081E+01  5.767E+03  2.249E+03  6.414E+02  7.802E-01  4.954E-05  3.275E-01  2.229E-02  2.998E-02
  10  7.399E+05   1.587E+05  5.291E+01  5.351E+03  1.815E+03  5.417E+02  6.127E-01  3.808E-05  2.669E-01  1.929E-02  2.515E-02
  11  7.156E+05   1.456E+05  4.605E+01  4.972E+03  1.459E+03  4.563E+02  4.786E-01  2.911E-05  2.167E-01  1.665E-02  2.105E-02
  12  6.922E+05   1.334E+05  4.009E+01  4.612E+03  1.179E+03  3.857E+02  3.764E-01  2.242E-05  1.767E-01  1.440E-02  1.766E-02
  13  6.692E+05   1.220E+05  3.475E+01  4.279E+03  9.385E+02  3.223E+02  2.906E-01  1.694E-05  1.421E-01  1.234E-02  1.466E-02
  14  6.474E+05   1.117E+05  3.020E+01  3.972E+03  7.516E+02  2.706E+02  2.260E-01  1.290E-05  1.148E-01  1.061E-02  1.223E-02
  15  6.260E+05   1.021E+05  2.614E+01  3.691E+03  5.928E+02  2.246E+02  1.725E-01  9.628E-06  9.154E-02  9.035E-03  1.009E-02
  16  6.054E+05   9.337E+04  2.265E+01  3.424E+03  4.704E+02  1.872E+02  1.327E-01  7.247E-06  7.333E-02  7.717E-03  8.351E-03
  17  5.751E+05   8.121E+04  1.812E+01  3.055E+03  3.255E+02  1.401E+02  8.719E-02  4.607E-06  5.152E-02  6.005E-03  6.190E-03
  18  5.469E+05   7.073E+04  1.453E+01  2.731E+03  2.253E+02  1.049E+02  5.729E-02  2.930E-06  3.620E-02  4.670E-03  4.590E-03
  19  5.203E+05   6.152E+04  1.162E+01  2.443E+03  1.540E+02  7.774E+01  3.705E-02  1.834E-06  2.512E-02  3.598E-03  3.372E-03
  20  4.945E+05   5.325E+04  9.217E+00  2.185E+03  1.025E+02  5.647E+01  2.320E-02  1.111E-06  1.698E-02  2.723E-03  2.428E-03
  21  4.705E+05   4.609E+04  7.313E+00  1.954E+03  6.818E+01  4.097E+01  1.450E-02  6.715E-07  1.146E-02  2.056E-03  1.746E-03
  22  4.473E+05   3.965E+04  5.750E+00  1.746E+03  4.401E+01  2.904E+01  8.741E-03  3.913E-07  7.517E-03  1.519E-03  1.227E-03
  23  4.255E+05   3.417E+04  4.539E+00  1.558E+03  2.886E+01  2.082E+01  5.369E-03  2.325E-07  5.001E-03  1.133E-03  8.716E-04
  24  4.048E+05   2.931E+04  3.563E+00  1.387E+03  1.861E+01  1.472E+01  3.232E-03  1.354E-07  3.271E-03  8.343E-04  6.107E-04
  25  3.847E+05   2.506E+04  2.786E+00  1.228E+03  1.204E+01  1.043E+01  1.954E-03  7.912E-08  2.145E-03  6.144E-04  4.278E-04
  26  3.660E+05   2.141E+04  2.182E+00  1.088E+03  7.785E+00  7.380E+00  1.181E-03  4.624E-08  1.405E-03  4.515E-04  2.995E-04
  27  3.480E+05   1.832E+04  1.716E+00  9.601E+02  5.159E+00  5.319E+00  7.358E-04  2.788E-08  9.420E-04  3.372E-04  2.133E-04
  28  3.311E+05   1.574E+04  1.364E+00  8.445E+02  3.567E+00  3.957E+00  4.831E-04  1.773E-08  6.578E-04  2.589E-04  1.565E-04
  29  3.147E+05   1.349E+04  1.079E+00  7.414E+02  2.446E+00  2.925E+00  3.143E-04  1.116E-08  4.559E-04  1.976E-04  1.141E-04
  30  2.994E+05   1.165E+04  8.664E-01  6.504E+02  1.764E+00  2.247E+00  2.174E-04  7.483E-09  3.316E-04  1.561E-04  8.637E-05
  31  2.845E+05   1.002E+04  6.924E-01  5.690E+02  1.262E+00  1.715E+00  1.491E-04  4.973E-09  2.395E-04  1.226E-04  6.495E-05
  32  2.707E+05   8.687E+03  5.603E-01  4.990E+02  9.346E-01  1.345E+00  1.066E-04  3.448E-09  1.789E-04  9.871E-05  5.015E-05
  33  2.575E+05   7.534E+03  4.544E-01  4.366E+02  7.025E-01  1.066E+00  7.764E-05  2.436E-09  1.355E-04  8.022E-05  3.913E-05
  34  2.449E+05   6.554E+03  3.704E-01  3.820E+02  5.369E-01  8.565E-01  5.776E-05  1.758E-09  1.043E-04  6.599E-05  3.093E-05
  35  2.329E+05   5.689E+03  3.011E-01  3.338E+02  4.081E-01  6.850E-01  4.268E-05  1.260E-09  7.995E-05  5.405E-05  2.433E-05
  36  2.216E+05   4.975E+03  2.478E-01  2.920E+02  3.229E-01  5.650E-01  3.313E-05  9.493E-10  6.370E-05  4.554E-05  1.973E-05
  37  2.107E+05   4.344E+03  2.035E-01  2.551E+02  2.545E-01  4.646E-01  2.560E-05  7.118E-10  5.054E-05  3.827E-05  1.595E-05
  38  2.005E+05   3.804E+03  1.681E-01  2.229E+02  2.044E-01  3.878E-01  2.026E-05  5.470E-10  4.089E-05  3.259E-05  1.309E-05
  39  1.906E+05   3.326E+03  1.385E-01  1.944E+02  1.637E-01  3.228E-01  1.597E-05  4.185E-10  3.296E-05  2.769E-05  1.070E-05
  40  1.813E+05   2.931E+03  1.157E-01  1.697E+02  1.369E-01  2.780E-01  1.328E-05  3.382E-10  2.773E-05  2.426E-05  9.049E-06
  41  1.724E+05   2.577E+03  9.633E-02  1.478E+02  1.141E-01  2.386E-01  1.100E-05  2.721E-10  2.324E-05  2.119E-05  7.625E-06
  42  1.640E+05   2.271E+03  8.065E-02  1.286E+02  9.700E-02  2.079E-01  9.342E-06  2.246E-10  1.986E-05  1.875E-05  6.518E-06
  43  1.560E+05   2.005E+03  6.783E-02  1.117E+02  8.423E-02  1.841E-01  8.142E-06  1.903E-10  1.732E-05  1.683E-05  5.657E-06
  44  1.484E+05   1.775E+03  5.735E-02  9.690E+01  7.474E-02  1.657E-01  7.291E-06  1.657E-10  1.543E-05  1.534E-05  4.988E-06
  45  1.411E+05   1.565E+03  4.830E-02  8.371E+01  6.606E-02  1.485E-01  6.499E-06  1.437E-10  1.368E-05  1.391E-05  4.378E-06
  46  1.343E+05   1.389E+03  4.119E-02  7.223E+01  6.105E-02  1.378E-01  6.118E-06  1.317E-10  1.266E-05  1.300E-05  3.969E-06
  47  1.277E+05   1.227E+03  3.495E-02  6.201E+01  5.621E-02  1.273E-01  5.740E-06  1.202E-10  1.167E-05  1.209E-05  3.581E-06
  48  1.215E+05   1.084E+03  2.975E-02  5.303E+01  5.277E-02  1.193E-01  5.514E-06  1.124E-10  1.094E-05  1.138E-05  3.271E-06
  49  1.089E+05   8.200E+02  2.086E-02  3.707E+01  4.719E-02  1.051E-01  5.225E-06  1.006E-10  9.735E-06  1.006E-05  2.717E-06
  50  9.853E+04   6.269E+02  1.503E-02  2.598E+01  4.491E-02  9.687E-02  5.318E-06  9.726E-11  9.144E-06  9.184E-06  2.351E-06
  51  8.914E+04   4.694E+02  1.061E-02  1.783E+01  4.170E-02  8.706E-02  5.254E-06  9.130E-11  8.339E-06  8.137E-06  1.975E-06
  52  8.067E+04   3.448E+02  7.366E-03  1.196E+01  3.853E-02  7.743E-02  5.163E-06  8.528E-11  7.517E-06  7.077E-06  1.630E-06
  53  7.298E+04   2.480E+02  4.994E-03  7.889E+00  3.402E-02  6.618E-02  4.803E-06  7.537E-11  6.454E-06  5.903E-06  1.289E-06
  54  6.605E+04   1.745E+02  3.323E-03  5.071E+00  2.979E-02  5.578E-02  4.426E-06  6.601E-11  5.455E-06  4.815E-06  9.980E-07
  55  5.977E+04   1.207E+02  2.165E-03  3.214E+00  2.499E-02  4.530E-02  3.870E-06  5.485E-11  4.404E-06  3.778E-06  7.425E-07
  56  5.406E+04   8.121E+01  1.377E-03  1.974E+00  2.073E-02  3.617E-02  3.344E-06  4.504E-11  3.489E-06  2.888E-06  5.385E-07
  57  4.893E+04   5.323E+01  8.559E-04  1.177E+00  1.696E-02  2.833E-02  2.844E-06  3.643E-11  2.704E-06  2.145E-06  3.800E-07
  58  4.428E+04   3.383E+01  5.175E-04  6.767E-01  1.365E-02  2.169E-02  2.374E-06  2.892E-11  2.042E-06  1.541E-06  2.597E-07
  59  4.006E+04   2.111E+01  3.063E-04  3.838E-01  1.052E-02  1.599E-02  1.879E-06  2.176E-11  1.472E-06  1.064E-06  1.705E-07
  60  3.625E+04   1.275E+01  1.760E-04  2.098E-01  7.949E-03  1.149E-02  1.454E-06  1.602E-11  1.031E-06  7.091E-07  1.080E-07
  61  3.280E+04   7.445E+00  9.804E-05  1.104E-01  5.876E-03  8.035E-03  1.097E-06  1.151E-11  6.995E-07  4.543E-07  6.591E-08
  62  2.970E+04   4.288E+00  5.372E-05  5.754E-02  4.177E-03  5.434E-03  7.888E-07  7.870E-12  4.553E-07  2.813E-07  3.883E-08
  63  2.687E+04   2.404E+00  2.864E-05  2.918E-02  2.876E-03  3.559E-03  5.461E-07  5.183E-12  2.852E-07  1.676E-07  2.201E-08
  64  2.432E+04   1.304E+00  1.484E-05  1.427E-02  1.940E-03  2.270E-03  3.691E-07  3.334E-12  1.733E-07  9.621E-08  1.203E-08
  65  2.200E+04   6.993E-01  7.567E-06  6.922E-03  1.263E-03  1.406E-03  2.389E-07  2.053E-12  1.015E-07  5.360E-08  6.376E-09
  66  1.991E+04   3.722E-01  3.818E-06  3.348E-03  7.976E-04  8.497E-04  1.490E-07  1.217E-12  5.764E-08  2.916E-08  3.296E-09
  67  1.801E+04   1.949E-01  1.896E-06  1.593E-03  4.935E-04  5.030E-04  9.060E-08  7.037E-13  3.193E-08  1.548E-08  1.662E-09
  68  1.630E+04   1.004E-01  9.263E-07  7.462E-04  2.993E-04  2.919E-04  5.379E-08  3.973E-13  1.728E-08  8.021E-09  8.184E-10
  69  1.475E+04   5.102E-02  4.464E-07  3.447E-04  1.782E-04  1.664E-04  3.125E-08  2.194E-13  9.142E-09  4.068E-09  3.944E-10
  70  1.335E+04   2.558E-02  2.122E-07  1.571E-04  1.044E-04  9.323E-05  1.779E-08  1.188E-13  4.742E-09  2.022E-09  1.863E-10
  71  1.207E+04   1.286E-02  1.008E-07  7.208E-05  6.008E-05  5.166E-05  9.914E-09  6.292E-14  2.424E-09  9.970E-10  8.719E-11
  72  1.093E+04   6.414E-03  4.754E-08  3.283E-05  3.422E-05  2.832E-05  5.453E-09  3.289E-14  1.223E-09  4.855E-10  4.029E-11
  73  9.888E+03   3.237E-03  2.261E-08  1.520E-05  1.934E-05  1.551E-05  2.969E-09  1.702E-14  6.150E-10  2.374E-10  1.868E-11
  74  8.946E+03   1.649E-03  1.082E-08  7.134E-06  1.083E-05  8.460E-06  1.597E-09  8.691E-15  3.076E-10  1.163E-10  8.661E-12
  75  8.094E+03   8.523E-04  5.235E-09  3.414E-06  6.044E-06  4.627E-06  8.543E-10  4.413E-15  1.541E-10  5.747E-11  4.047E-12
  76  7.325E+03   4.481E-04  2.568E-09  1.669E-06  3.363E-06  2.540E-06  4.550E-10  2.230E-15  7.741E-11  2.871E-11  1.909E-12
  77  6.626E+03   2.392E-04  1.275E-09  8.324E-07  1.866E-06  1.399E-06  2.412E-10  1.121E-15  3.899E-11  1.448E-11  9.088E-13
  78  5.994E+03   1.299E-04  6.417E-10  4.246E-07  1.034E-06  7.750E-07  1.276E-10  5.621E-16  1.973E-11  7.400E-12  4.374E-13
  79  5.423E+03   7.204E-05  3.286E-10  2.223E-07  5.734E-07  4.323E-07  6.743E-11  2.814E-16  1.006E-11  3.838E-12  2.135E-13
  80  4.906E+03   4.004E-05  1.686E-10  1.167E-07  3.183E-07  2.415E-07  3.567E-11  1.410E-16  5.135E-12  1.997E-12  1.045E-13
  81  4.439E+03   2.219E-05  8.626E-11  6.108E-08  1.757E-07  1.343E-07  1.875E-11  7.023E-17  2.606E-12  1.033E-12  5.085E-14
  82  4.016E+03   1.206E-05  4.342E-11  3.123E-08  9.665E-08  7.395E-08  9.821E-12  3.486E-17  1.310E-12  5.254E-13  2.436E-14
  83  3.633E+03   6.307E-06  2.115E-11  1.521E-08  5.303E-08  4.012E-08  5.141E-12  1.731E-17  6.482E-13  2.592E-13  1.135E-14
  84  3.288E+03   3.161E-06  9.952E-12  7.038E-09  2.888E-08  2.133E-08  2.673E-12  8.543E-18  3.141E-13  1.233E-13  5.110E-15
  85  2.976E+03   1.534E-06  4.562E-12  3.121E-09  1.580E-08  1.125E-08  1.401E-12  4.256E-18  1.513E-13  5.739E-14  2.257E-15
  86  2.690E+03   7.422E-07  2.078E-12  1.386E-09  8.466E-09  5.843E-09  7.153E-13  2.064E-18  7.141E-14  2.638E-14  9.824E-16
  87  2.434E+03   3.647E-07  9.611E-13  6.253E-10  4.604E-09  3.083E-09  3.718E-13  1.019E-18  3.435E-14  1.236E-14  4.361E-16
  88  2.203E+03   1.824E-07  4.510E-13  2.888E-10  2.494E-09  1.632E-09  1.920E-13  4.997E-19  1.655E-14  5.847E-15  1.954E-16
  89  1.994E+03   9.399E-08  2.173E-13  1.381E-10  1.370E-09  8.812E-10  1.007E-13  2.487E-19  8.156E-15  2.853E-15  9.012E-17
  90  1.803E+03   5.029E-08  1.079E-13  6.925E-11  7.518E-10  4.820E-10  5.265E-14  1.233E-19  4.070E-15  1.433E-15  4.266E-17
  91  1.631E+03   2.789E-08  5.533E-14  3.621E-11  4.203E-10  2.705E-10  2.811E-14  6.150E-20  2.090E-15  7.470E-16  2.094E-17
  92  1.476E+03   1.593E-08  2.912E-14  1.960E-11  2.375E-10  1.546E-10  1.518E-14  3.139E-20  1.095E-15  4.007E-16  1.056E-17
  93  1.335E+03   9.336E-09  1.565E-14  1.095E-11  1.348E-10  8.939E-11  8.227E-15  1.607E-20  5.810E-16  2.197E-16  5.436E-18
  94  1.208E+03   5.653E-09  8.693E-15  6.322E-12  7.948E-11  5.373E-11  4.664E-15  8.596E-21  3.227E-16  1.262E-16  2.932E-18
  95  1.093E+03   3.484E-09  4.894E-15  3.739E-12  4.658E-11  3.236E-11  2.622E-15  4.556E-21  1.793E-16  7.325E-17  1.595E-18
  96  9.889E+02   2.235E-09  2.878E-15  2.292E-12  2.931E-11  2.080E-11  1.606E-15  2.632E-21  1.079E-16  4.567E-17  9.334E-19
  97  8.941E+02   1.461E-09  1.716E-15  1.439E-12  1.839E-11  1.344E-11  9.788E-16  1.510E-21  6.515E-17  2.885E-17  5.524E-19
  98  8.089E+02   9.963E-10  1.071E-15  9.384E-13  1.242E-11  9.288E-12  6.523E-16  9.478E-22  4.274E-17  1.965E-17  3.530E-19
  99  7.321E+02   7.098E-10  7.011E-16  6.366E-13  9.060E-12  6.892E-12  4.772E-16  6.528E-22  3.056E-17  1.448E-17  2.444E-19
 100  6.622E+02   5.153E-10  4.654E-16  4.425E-13  6.584E-12  5.134E-12  3.468E-16  4.459E-22  2.191E-17  1.079E-17  1.709E-19
 101  5.989E+02   3.863E-10  3.189E-16  3.178E-13  4.968E-12  3.974E-12  2.635E-16  3.179E-22  1.644E-17  8.430E-18  1.252E-19
 102  5.419E+02   2.975E-10  2.244E-16  2.348E-13  3.861E-12  3.172E-12  2.071E-16  2.343E-22  1.278E-17  6.833E-18  9.519E-20
 103  4.902E+02   2.314E-10  1.588E-16  1.764E-13  2.947E-12  2.509E-12  1.589E-16  1.680E-22  9.800E-18  5.516E-18  7.193E-20
 104  4.432E+02   1.808E-10  1.123E-16  1.339E-13  2.198E-12  1.956E-12  1.183E-16  1.164E-22  7.368E-18  4.409E-18  5.371E-20
 105  4.010E+02   1.433E-10  8.053E-17  1.033E-13  1.656E-12  1.543E-12  8.879E-17  8.113E-23  5.603E-18  3.572E-18  4.066E-20
 106  3.630E+02   1.147E-10  5.829E-17  8.067E-14  1.259E-12  1.231E-12  6.719E-17  5.680E-23  4.308E-18  2.928E-18  3.114E-20
 107  3.282E+02   8.954E-11  4.076E-17  6.224E-14  8.755E-13  9.138E-13  4.535E-17  3.515E-23  3.018E-18  2.231E-18  2.206E-20
 108  2.968E+02   7.009E-11  2.855E-17  4.821E-14  6.092E-13  6.801E-13  3.042E-17  2.150E-23  2.111E-18  1.699E-18  2.258E-21
 109  2.685E+02   5.480E-11  1.996E-17  3.740E-14  4.211E-13  5.042E-13  2.008E-17  1.284E-23  1.461E-18  1.280E-18  1.286E-21
 110  2.429E+02   4.215E-11  1.365E-17  2.879E-14  2.775E-13  3.604E-13  1.235E-17  7.059E-24  9.572E-19  9.223E-19  6.793E-22
 111  2.196E+02   3.224E-11  9.267E-18  2.206E-14  1.823E-13  2.573E-13  7.448E-18  3.761E-24  6.204E-19  6.555E-19  3.504E-22
 112  1.986E+02   2.423E-11  6.163E-18  1.680E-14  1.145E-13  1.778E-13  4.160E-18  1.824E-24  3.800E-19  4.440E-19  1.665E-22
 113  1.797E+02   1.831E-11  4.116E-18  1.277E-14  7.490E-14  1.272E-13  2.385E-18  8.982E-25  2.402E-19  3.046E-19  8.116E-23
 114  1.624E+02   1.364E-11  2.710E-18  9.696E-15  4.792E-14  9.012E-14  1.288E-18  4.070E-25  1.467E-19  2.026E-19  3.687E-23
 115  1.469E+02   1.024E-11  1.798E-18  7.369E-15  3.226E-14  6.673E-14  7.180E-19  1.880E-25  9.384E-20  1.372E-19  1.727E-23
 116  1.329E+02   7.763E-12  1.207E-18  5.622E-15  2.298E-14  5.196E-14  4.179E-19  8.967E-26  6.372E-20  9.559E-20  8.422E-24
 117  1.202E+02   5.914E-12  8.181E-19  4.333E-15  1.691E-14  4.190E-14  2.457E-19  4.247E-26  4.534E-20  6.778E-20  4.100E-24
 118  1.087E+02   4.547E-12  5.605E-19  3.348E-15  1.311E-14  3.532E-14  1.511E-19  2.087E-26  3.501E-20  4.946E-20  2.081E-24
 119  9.839E+01   3.535E-12  3.888E-19  2.596E-15  1.069E-14  3.108E-14  9.769E-20  1.073E-26  2.972E-20  3.732E-20  1.107E-24
 120  8.897E+01   2.790E-12  2.765E-19  2.058E-15  9.079E-15  2.858E-14  6.578E-20  5.673E-27  2.803E-20  2.950E-20  6.015E-25
 121  8.048E+01   2.237E-12  2.009E-19  1.648E-15  8.139E-15  2.748E-14  4.754E-20  3.217E-27  2.970E-20  2.459E-20  3.469E-25
 122  7.280E+01   1.837E-12  1.513E-19  1.346E-15  7.808E-15  2.801E-14  3.786E-20  2.013E-27  3.577E-20  2.223E-20  2.165E-25
 123  6.584E+01   1.585E-12  1.234E-19  1.177E-15  8.129E-15  3.119E-14  3.415E-20  1.422E-27  5.084E-20  2.300E-20  1.469E-25
 124  5.958E+01   1.416E-12  1.065E-19  1.053E-15  9.497E-15  3.792E-14  3.671E-20  1.212E-27  8.519E-20  2.806E-20  1.159E-25
 125  5.390E+01   1.358E-12  1.036E-19  1.043E-15  1.250E-14  5.229E-14  4.748E-20  1.243E-27  1.828E-19  4.366E-20  1.040E-25
 126  4.874E+01   1.398E-12  1.143E-19  1.152E-15  1.858E-14  8.194E-14  7.428E-20  1.543E-27  4.958E-19  8.502E-20  1.066E-25
 127  4.408E+01   1.513E-12  1.374E-19  1.362E-15  3.070E-14  1.412E-13  1.369E-19  2.276E-27  1.487E-18  1.853E-19  1.255E-25
 128  3.987E+01   1.692E-12  1.743E-19  1.685E-15  5.427E-14  2.577E-13  2.805E-19  3.780E-27  4.411E-18  4.104E-19  1.641E-25
 129  3.608E+01   1.922E-12  2.255E-19  2.116E-15  9.904E-14  4.805E-13  6.048E-19  6.691E-27  1.222E-17  8.779E-19  2.297E-25
 130  3.264E+01   2.234E-12  2.955E-19  2.749E-15  1.784E-13  8.955E-13  1.293E-18  1.186E-26  3.061E-17  1.753E-18  3.277E-25
 131  2.953E+01   2.585E-12  3.783E-19  3.484E-15  3.189E-13  1.639E-12  2.735E-18  2.110E-26  6.989E-17  3.309E-18  4.789E-25
 132  2.672E+01   2.937E-12  4.596E-19  4.182E-15  5.488E-13  2.857E-12  5.464E-18  3.597E-26  1.419E-16  5.799E-18  6.954E-25
 133  2.417E+01   3.392E-12  5.510E-19  5.056E-15  9.053E-13  4.853E-12  1.040E-17  5.930E-26  2.634E-16  9.637E-18  1.003E-24
 134  2.188E+01   3.859E-12  6.284E-19  5.783E-15  1.441E-12  7.875E-12  1.880E-17  9.438E-26  4.441E-16  1.517E-17  2.188E-21
 135  1.980E+01   4.310E-12  6.787E-19  6.216E-15  2.213E-12  1.219E-11  3.225E-17  1.449E-25  6.839E-16  2.271E-17  3.306E-21
 136  1.793E+01   4.728E-12  6.964E-19  6.283E-15  3.282E-12  1.803E-11  5.272E-17  2.154E-25  9.714E-16  3.260E-17  4.875E-21
 137  1.621E+01   5.284E-12  7.063E-19  6.381E-15  4.708E-12  2.618E-11  8.341E-17  3.141E-25  1.301E-15  4.555E-17  7.242E-21
 138  1.467E+01   5.729E-12  6.749E-19  6.015E-15  6.527E-12  3.615E-11  1.255E-16  4.407E-25  1.617E-15  6.069E-17  1.039E-20
 139  1.328E+01   6.273E-12  6.351E-19  5.656E-15  8.761E-12  4.885E-11  1.830E-16  6.051E-25  1.904E-15  7.831E-17  1.490E-20
 140  1.201E+01   6.684E-12  5.674E-19  4.969E-15  1.151E-11  6.349E-11  2.589E-16  8.142E-25  2.105E-15  9.694E-17  2.087E-20
 141  1.087E+01   6.973E-12  4.851E-19  4.122E-15  1.487E-11  7.986E-11  3.601E-16  1.089E-24  2.204E-15  1.159E-16  2.879E-20
 142  7.742E+00   7.494E-12  2.387E-19  1.862E-15  3.095E-11  1.492E-10  9.596E-16  2.608E-24  2.138E-15  1.707E-16  7.818E-20
 143  5.562E+00   6.413E-12  8.305E-20  5.855E-16  5.478E-11  2.080E-10  2.173E-15  5.787E-22  2.024E-15  1.684E-16  1.691E-19
 144  4.003E+00   3.793E-12  1.877E-20  1.249E-16  8.940E-11  2.111E-10  4.482E-15  1.070E-21  2.949E-15  1.022E-16  2.674E-19
 145  2.883E+00   1.640E-12  3.294E-21  2.300E-17  1.335E-10  1.641E-10  8.330E-15  1.629E-21  5.185E-15  4.239E-17  3.150E-19
 146  2.077E+00   5.356E-13  5.044E-22  3.540E-18  1.802E-10  9.983E-11  1.428E-14  2.123E-21  7.839E-15  1.302E-17  2.851E-19
 147  1.499E+00   1.461E-13  7.409E-23  4.805E-19  2.134E-10  5.142E-11  2.212E-14  2.452E-21  9.488E-15  3.416E-18  2.096E-19
 148  1.081E+00   3.495E-14  1.166E-23  6.139E-20  2.239E-10  2.531E-11  2.885E-14  2.460E-21  9.425E-15  8.465E-19  1.245E-19
 149  7.792E-01   6.442E-15  1.623E-24  6.487E-21  1.923E-10  1.119E-11  2.816E-14  1.918E-21  6.816E-15  1.777E-19  5.011E-20
 150  5.611E-01   7.300E-16  1.571E-25  4.261E-22  1.067E-10  3.580E-12  1.721E-14  9.854E-22  2.617E-15  2.624E-20  1.024E-20
 151  4.042E-01   3.352E-17  6.840E-27  2.474E-26  2.709E-11  5.160E-13  5.777E-15  2.694E-22  3.189E-16  1.994E-21  6.825E-22
 152  2.912E-01   5.450E-19  1.236E-28  3.741E-28  2.862E-12  3.143E-14  1.076E-15  3.979E-23  1.042E-17  9.260E-23  8.231E-25
 153  2.095E-01   2.853E-21  1.319E-30  1.913E-30  1.219E-13  7.771E-16  1.175E-16  1.130E-25  8.402E-20  4.115E-25  4.815E-27
 154  1.509E-01   7.393E-28  2.069E-32  3.350E-33  1.943E-15  6.895E-18  7.250E-18  5.238E-27  1.519E-22  1.174E-26  6.814E-30
 155  1.086E-01   7.306E-31  4.026E-34  3.216E-36  1.438E-17  2.893E-20  2.309E-19  1.210E-28  8.892E-32  1.596E-28  3.409E-33
 156  8.022E-02   3.724E-33  5.785E-36  0.000E+00  1.009E-19  1.239E-22  3.580E-21  1.343E-30  8.598E-35  1.056E-30  2.376E-36
 157  5.817E-02   3.939E-35  5.813E-38  0.000E+00  9.743E-22  3.488E-28  3.029E-23  7.745E-33  2.315E-37  3.679E-33  0.000E+00
 158  4.228E-02   3.220E-37  0.000E+00  0.000E+00  7.450E-24  1.510E-30  3.224E-31  3.934E-38  0.000E+00  6.513E-36  0.000E+00
 159  3.077E-02   0.000E+00  0.000E+00  0.000E+00  2.860E-31  3.723E-33  7.960E-34  0.000E+00  0.000E+00  0.000E+00  0.000E+00
 160  2.249E-02   0.000E+00  0.000E+00  0.000E+00  6.588E-34  4.552E-36  9.795E-37  0.000E+00  0.000E+00  0.000E+00  0.000E+00
 161  1.644E-02   0.000E+00  0.000E+00  0.000E+00  1.202E-36  0.000E+00  0.000E+00  0.000E+00  0.000E+00  0.000E+00  0.000E+00
 162  1.201E-02   0.000E+00  0.000E+00  0.000E+00  0.000E+00  0.000E+00  0.000E+00  0.000E+00  0.000E+00  0.000E+00  0.000E+00
 163  8.770E-03   0.000E+00  0.000E+00  0.000E+00  0.000E+00  0.000E+00  0.000E+00  0.000E+00  0.000E+00  0.000E+00  0.000E+00
 164  6.400E-03   0.000E+00  0.000E+00  0.000E+00  0.000E+00  0.000E+00  0.000E+00  0.000E+00  0.000E+00  0.000E+00  0.000E+00
 165  4.671E-03   0.000E+00  0.000E+00  0.000E+00  7.373E-38  0.000E+00  0.000E+00  0.000E+00  0.000E+00  0.000E+00  0.000E+00
 166  3.409E-03   0.000E+00  0.000E+00  0.000E+00  1.015E-35  0.000E+00  0.000E+00  0.000E+00  0.000E+00  0.000E+00  0.000E+00
 167  2.492E-03   0.000E+00  0.000E+00  0.000E+00  8.920E-34  1.514E-37  1.904E-38  0.000E+00  0.000E+00  0.000E+00  0.000E+00
 168  1.823E-03   0.000E+00  0.000E+00  0.000E+00  6.231E-32  5.316E-36  2.198E-36  0.000E+00  0.000E+00  0.000E+00  0.000E+00
 169  1.337E-03   4.705E-37  0.000E+00  0.000E+00  3.379E-24  1.656E-34  2.843E-34  5.929E-38  0.000E+00  0.000E+00  0.000E+00
 170  9.812E-04   1.339E-35  3.186E-38  0.000E+00  2.052E-22  3.776E-33  5.593E-26  9.958E-36  6.433E-37  0.000E+00  0.000E+00
 171  7.220E-04   1.492E-34  3.773E-37  0.000E+00  6.555E-21  4.223E-32  3.671E-24  7.094E-34  2.626E-35  0.000E+00  1.745E-37
 172  5.330E-04   6.207E-34  1.674E-36  0.000E+00  8.764E-20  1.766E-31  8.883E-23  1.715E-32  3.495E-34  1.726E-37  1.982E-36
 173  3.945E-04   1.017E-33  2.938E-36  0.000E+00  4.773E-19  2.707E-31  7.450E-22  1.388E-31  2.141E-26  8.484E-37  6.978E-36
 174  2.935E-04   7.478E-34  2.324E-36  0.000E+00  1.291E-18  1.843E-31  2.745E-21  4.905E-31  5.544E-26  1.631E-36  9.658E-36
 175  2.192E-04   2.602E-34  8.691E-37  0.000E+00  1.952E-18  6.143E-32  5.188E-21  8.673E-31  7.823E-26  1.390E-36  5.982E-36
 176  1.646E-04   4.264E-35  1.504E-37  0.000E+00  1.938E-18  1.143E-32  6.325E-21  9.379E-31  7.013E-26  6.025E-37  1.945E-36
 177  1.242E-04   2.972E-36  0.000E+00  0.000E+00  1.434E-18  1.341E-33  6.256E-21  7.065E-31  4.263E-26  1.451E-37  3.623E-37
 178  9.412E-05   6.668E-38  0.000E+00  0.000E+00  1.054E-18  1.304E-34  8.741E-21  4.837E-31  2.110E-26  2.233E-38  4.522E-38
 179  7.124E-05   0.000E+00  0.000E+00  0.000E+00  1.052E-18  1.817E-35  3.508E-20  3.803E-31  9.888E-27  0.000E+00  0.000E+00
 180  5.359E-05   0.000E+00  0.000E+00  0.000E+00  2.407E-19  3.186E-37  6.328E-20  4.615E-32  1.231E-35  0.000E+00  0.000E+00
 181  3.974E-05   0.000E+00  0.000E+00  0.000E+00  1.188E-22  0.000E+00  1.928E-22  5.267E-36  0.000E+00  0.000E+00  0.000E+00
 182  2.920E-05   0.000E+00  0.000E+00  0.000E+00  1.177E-27  0.000E+00  1.952E-27  0.000E+00  0.000E+00  0.000E+00  0.000E+00
 183  2.152E-05   0.000E+00  0.000E+00  0.000E+00  0.000E+00  0.000E+00  0.000E+00  0.000E+00  0.000E+00  0.000E+00  0.000E+00
 184  1.593E-05   0.000E+00  0.000E+00  0.000E+00  0.000E+00  0.000E+00  0.000E+00  0.000E+00  0.000E+00  0.000E+00  0.000E+00
 185  1.147E-05   0.000E+00  0.000E+00  0.000E+00  0.000E+00  0.000E+00  0.000E+00  0.000E+00  0.000E+00  0.000E+00  0.000E+00
 186  8.121E-06   0.000E+00  0.000E+00  0.000E+00  0.000E+00  0.000E+00  0.000E+00  0.000E+00  0.000E+00  0.000E+00  0.000E+00
 187  5.652E-06   0.000E+00  0.000E+00  0.000E+00  0.000E+00  0.000E+00  0.000E+00  0.000E+00  0.000E+00  0.000E+00  0.000E+00
 188  3.878E-06   0.000E+00  0.000E+00  0.000E+00  0.000E+00  0.000E+00  0.000E+00  0.000E+00  0.000E+00  0.000E+00  0.000E+00
 189  2.636E-06   0.000E+00  0.000E+00  0.000E+00  0.000E+00  0.000E+00  0.000E+00  0.000E+00  0.000E+00  0.000E+00  0.000E+00
 190  1.791E-06   0.000E+00  0.000E+00  0.000E+00  0.000E+00  0.000E+00  0.000E+00  0.000E+00  0.000E+00  0.000E+00  0.000E+00
 191  1.220E-06   0.000E+00  0.000E+00  0.000E+00  0.000E+00  0.000E+00  0.000E+00  0.000E+00  0.000E+00  0.000E+00  0.000E+00
 192  8.351E-07   0.000E+00  0.000E+00  0.000E+00  0.000E+00  0.000E+00  0.000E+00  0.000E+00  0.000E+00  0.000E+00  0.000E+00
 193  5.755E-07   0.000E+00  0.000E+00  0.000E+00  0.000E+00  0.000E+00  0.000E+00  0.000E+00  0.000E+00  0.000E+00  0.000E+00
 194  3.993E-07   0.000E+00  0.000E+00  0.000E+00  0.000E+00  0.000E+00  0.000E+00  0.000E+00  0.000E+00  0.000E+00  0.000E+00
 195  2.786E-07   0.000E+00  0.000E+00  0.000E+00  0.000E+00  0.000E+00  0.000E+00  0.000E+00  0.000E+00  0.000E+00  0.000E+00
 196  1.956E-07   0.000E+00  0.000E+00  0.000E+00  0.000E+00  0.000E+00  0.000E+00  0.000E+00  0.000E+00  0.000E+00  0.000E+00
 197  1.379E-07   0.000E+00  0.000E+00  0.000E+00  0.000E+00  0.000E+00  0.000E+00  0.000E+00  0.000E+00  0.000E+00  0.000E+00
 198  9.754E-08   0.000E+00  0.000E+00  0.000E+00  0.000E+00  0.000E+00  0.000E+00  0.000E+00  0.000E+00  0.000E+00  0.000E+00