Index PRESSURE   N          N2         NH         NH2        NH3        N2H        N2H2       H2NN       N2H3       N2H4    
   1  9.998E+05   1.384E+12  1.189E+17  2.817E+13  1.168E+15  1.113E+17  6.353E+11  1.069E+10  2.126E+08  4.559E+08  1.017E+09
   2  9.669E+05   1.163E+12  1.168E+17  2.429E+13  1.055E+15  1.073E+17  5.615E+11  9.381E+09  1.807E+08  3.936E+08  9.019E+08
   3  9.352E+05   9.734E+11  1.146E+17  2.090E+13  9.513E+14  1.034E+17  4.957E+11  8.220E+09  1.533E+08  3.394E+08  7.995E+08
   4  9.042E+05   8.126E+11  1.124E+17  1.794E+13  8.569E+14  9.971E+16  4.366E+11  7.189E+09  1.298E+08  2.920E+08  7.078E+08
   5  8.747E+05   6.820E+11  1.103E+17  1.546E+13  7.736E+14  9.613E+16  3.858E+11  6.307E+09  1.103E+08  2.521E+08  6.279E+08
   6  8.459E+05   5.661E+11  1.082E+17  1.321E+13  6.954E+14  9.277E+16  3.389E+11  5.503E+09  9.301E+07  2.164E+08  5.555E+08
   7  8.182E+05   4.724E+11  1.061E+17  1.134E+13  6.262E+14  8.947E+16  2.985E+11  4.814E+09  7.874E+07  1.863E+08  4.920E+08
   8  7.912E+05   3.930E+11  1.040E+17  9.703E+12  5.632E+14  8.627E+16  2.623E+11  4.203E+09  6.650E+07  1.600E+08  4.352E+08
   9  7.652E+05   3.261E+11  1.020E+17  8.288E+12  5.060E+14  8.324E+16  2.302E+11  3.666E+09  5.607E+07  1.373E+08  3.849E+08
  10  7.399E+05   2.697E+11  9.998E+16  7.063E+12  4.541E+14  8.030E+16  2.017E+11  3.193E+09  4.717E+07  1.176E+08  3.400E+08
  11  7.156E+05   2.224E+11  9.800E+16  6.007E+12  4.071E+14  7.753E+16  1.764E+11  2.778E+09  3.962E+07  1.006E+08  3.003E+08
  12  6.922E+05   1.844E+11  9.605E+16  5.130E+12  3.658E+14  7.481E+16  1.548E+11  2.423E+09  3.341E+07  8.634E+07  2.656E+08
  13  6.692E+05   1.511E+11  9.410E+16  4.342E+12  3.270E+14  7.222E+16  1.349E+11  2.100E+09  2.793E+07  7.360E+07  2.341E+08
  14  6.474E+05   1.246E+11  9.220E+16  3.691E+12  2.931E+14  6.975E+16  1.180E+11  1.828E+09  2.347E+07  6.300E+07  2.068E+08
  15  6.260E+05   1.015E+11  9.031E+16  3.109E+12  2.614E+14  6.740E+16  1.025E+11  1.580E+09  1.955E+07  5.356E+07  1.821E+08
  16  6.054E+05   8.311E+10  8.845E+16  2.630E+12  2.337E+14  6.511E+16  8.926E+10  1.370E+09  1.635E+07  4.567E+07  1.606E+08
  17  5.751E+05   6.064E+10  8.566E+16  2.021E+12  1.961E+14  6.180E+16  7.189E+10  1.096E+09  1.235E+07  3.561E+07  1.321E+08
  18  5.469E+05   4.434E+10  8.299E+16  1.557E+12  1.649E+14  5.875E+16  5.803E+10  8.799E+08  9.363E+06  2.786E+07  1.090E+08
  19  5.203E+05   3.218E+10  8.039E+16  1.192E+12  1.383E+14  5.592E+16  4.664E+10  7.040E+08  7.066E+06  2.173E+07  8.996E+07
  20  4.945E+05   2.292E+10  7.783E+16  9.000E+11  1.151E+14  5.329E+16  3.709E+10  5.578E+08  5.262E+06  1.678E+07  7.378E+07
  21  4.705E+05   1.636E+10  7.537E+16  6.807E+11  9.590E+13  5.083E+16  2.955E+10  4.430E+08  3.930E+06  1.298E+07  6.066E+07
  22  4.473E+05   1.144E+10  7.294E+16  5.071E+11  7.927E+13  4.856E+16  2.328E+10  3.484E+08  2.895E+06  9.947E+06  4.960E+07
  23  4.255E+05   8.114E+09  7.059E+16  3.816E+11  6.591E+13  4.636E+16  1.848E+10  2.759E+08  2.154E+06  7.676E+06  4.074E+07
  24  4.048E+05   5.703E+09  6.831E+16  2.853E+11  5.460E+13  4.429E+16  1.459E+10  2.177E+08  1.593E+06  5.900E+06  3.339E+07
  25  3.847E+05   4.018E+09  6.602E+16  2.136E+11  4.521E+13  4.221E+16  1.153E+10  1.716E+08  1.179E+06  4.530E+06  2.731E+07
  26  3.660E+05   2.842E+09  6.385E+16  1.604E+11  3.753E+13  4.028E+16  9.133E+09  1.359E+08  8.758E+05  3.491E+06  2.241E+07
  27  3.480E+05   2.044E+09  6.169E+16  1.219E+11  3.131E+13  3.830E+16  7.293E+09  1.082E+08  6.571E+05  2.708E+06  1.842E+07
  28  3.311E+05   1.516E+09  5.960E+16  9.483E+10  2.644E+13  3.631E+16  5.921E+09  8.751E+07  5.035E+05  2.133E+06  1.525E+07
  29  3.147E+05   1.118E+09  5.754E+16  7.340E+10  2.225E+13  3.438E+16  4.788E+09  7.049E+07  3.838E+05  1.673E+06  1.259E+07
  30  2.994E+05   8.529E+08  5.554E+16  5.830E+10  1.897E+13  3.244E+16  3.943E+09  5.770E+07  2.994E+05  1.334E+06  1.048E+07
  31  2.845E+05   6.471E+08  5.358E+16  4.607E+10  1.612E+13  3.056E+16  3.236E+09  4.706E+07  2.323E+05  1.059E+06  8.679E+06
  32  2.707E+05   5.026E+08  5.171E+16  3.708E+10  1.384E+13  2.877E+16  2.690E+09  3.885E+07  1.834E+05  8.514E+05  7.249E+06
  33  2.575E+05   3.943E+08  4.987E+16  3.005E+10  1.191E+13  2.702E+16  2.247E+09  3.220E+07  1.456E+05  6.871E+05  6.059E+06
  34  2.449E+05   3.127E+08  4.809E+16  2.455E+10  1.029E+13  2.533E+16  1.887E+09  2.681E+07  1.164E+05  5.572E+05  5.073E+06
  35  2.329E+05   2.470E+08  4.634E+16  2.000E+10  8.873E+12  2.375E+16  1.581E+09  2.227E+07  9.272E+04  4.506E+05  4.239E+06
  36  2.216E+05   2.004E+08  4.466E+16  1.662E+10  7.733E+12  2.221E+16  1.344E+09  1.874E+07  7.523E+04  3.695E+05  3.567E+06
  37  2.107E+05   1.620E+08  4.302E+16  1.377E+10  6.728E+12  2.075E+16  1.140E+09  1.573E+07  6.086E+04  3.021E+05  2.995E+06
  38  2.005E+05   1.327E+08  4.143E+16  1.152E+10  5.879E+12  1.936E+16  9.728E+08  1.328E+07  4.964E+04  2.484E+05  2.521E+06
  39  1.906E+05   1.084E+08  3.988E+16  9.621E+09  5.130E+12  1.805E+16  8.288E+08  1.120E+07  4.040E+04  2.039E+05  2.118E+06
  40  1.813E+05   9.112E+07  3.839E+16  8.207E+09  4.525E+12  1.677E+16  7.171E+08  9.562E+06  3.350E+04  1.697E+05  1.792E+06
  41  1.724E+05   7.646E+07  3.693E+16  6.988E+09  3.987E+12  1.558E+16  6.195E+08  8.157E+06  2.774E+04  1.409E+05  1.513E+06
  42  1.640E+05   6.507E+07  3.552E+16  6.016E+09  3.532E+12  1.445E+16  5.392E+08  7.001E+06  2.317E+04  1.179E+05  1.282E+06
  43  1.560E+05   5.617E+07  3.414E+16  5.233E+09  3.145E+12  1.337E+16  4.727E+08  6.047E+06  1.953E+04  9.918E+04  1.088E+06
  44  1.484E+05   4.922E+07  3.281E+16  4.602E+09  2.815E+12  1.235E+16  4.175E+08  5.257E+06  1.662E+04  8.402E+04  9.265E+05
  45  1.411E+05   4.308E+07  3.151E+16  4.044E+09  2.517E+12  1.139E+16  3.684E+08  4.564E+06  1.412E+04  7.106E+04  7.875E+05
  46  1.343E+05   3.893E+07  3.027E+16  3.640E+09  2.280E+12  1.048E+16  3.307E+08  4.022E+06  1.225E+04  6.109E+04  6.750E+05
  47  1.277E+05   3.515E+07  2.905E+16  3.273E+09  2.062E+12  9.629E+15  2.964E+08  3.540E+06  1.061E+04  5.238E+04  5.768E+05
  48  1.215E+05   3.225E+07  2.786E+16  2.978E+09  1.876E+12  8.831E+15  2.679E+08  3.137E+06  9.289E+03  4.527E+04  4.949E+05
  49  1.089E+05   2.742E+07  2.540E+16  2.470E+09  1.539E+12  7.268E+15  2.175E+08  2.433E+06  7.049E+03  3.322E+04  3.546E+05
  50  9.853E+04   2.499E+07  2.330E+16  2.169E+09  1.310E+12  6.034E+15  1.849E+08  1.976E+06  5.668E+03  2.565E+04  2.640E+05
  51  8.914E+04   2.275E+07  2.134E+16  1.902E+09  1.113E+12  5.002E+15  1.569E+08  1.601E+06  4.550E+03  1.976E+04  1.960E+05
  52  8.067E+04   2.106E+07  1.953E+16  1.689E+09  9.530E+11  4.141E+15  1.342E+08  1.307E+06  3.689E+03  1.534E+04  1.461E+05
  53  7.298E+04   1.915E+07  1.786E+16  1.480E+09  8.093E+11  3.430E+15  1.136E+08  1.057E+06  2.955E+03  1.180E+04  1.083E+05
  54  6.605E+04   1.771E+07  1.632E+16  1.313E+09  6.920E+11  2.838E+15  9.704E+07  8.609E+05  2.392E+03  9.146E+03  8.066E+04
  55  5.977E+04   1.608E+07  1.490E+16  1.149E+09  5.873E+11  2.350E+15  8.208E+07  6.955E+05  1.914E+03  7.023E+03  5.970E+04
  56  5.406E+04   1.485E+07  1.359E+16  1.018E+09  5.013E+11  1.940E+15  6.992E+07  5.651E+05  1.545E+03  5.429E+03  4.432E+04
  57  4.893E+04   1.395E+07  1.238E+16  9.139E+08  4.307E+11  1.599E+15  6.009E+07  4.626E+05  1.261E+03  4.230E+03  3.301E+04
  58  4.428E+04   1.331E+07  1.127E+16  8.299E+08  3.721E+11  1.314E+15  5.204E+07  3.812E+05  1.039E+03  3.317E+03  2.463E+04
  59  4.006E+04   1.250E+07  1.026E+16  7.440E+08  3.193E+11  1.082E+15  4.465E+07  3.116E+05  8.464E+02  2.579E+03  1.831E+04
  60  3.625E+04   1.192E+07  9.328E+15  6.750E+08  2.756E+11  8.882E+14  3.862E+07  2.564E+05  6.964E+02  2.019E+03  1.364E+04
  61  3.280E+04   1.156E+07  8.476E+15  6.205E+08  2.394E+11  7.282E+14  3.369E+07  2.125E+05  5.791E+02  1.594E+03  1.020E+04
  62  2.970E+04   1.103E+07  7.704E+15  5.629E+08  2.067E+11  5.980E+14  2.913E+07  1.748E+05  4.765E+02  1.248E+03  7.602E+03
  63  2.687E+04   1.051E+07  6.996E+15  5.104E+08  1.783E+11  4.906E+14  2.516E+07  1.436E+05  3.915E+02  9.756E+02  5.655E+03
  64  2.432E+04   1.020E+07  6.351E+15  4.689E+08  1.548E+11  4.020E+14  2.192E+07  1.189E+05  3.252E+02  7.692E+02  4.227E+03
  65  2.200E+04   9.721E+06  5.764E+15  4.252E+08  1.336E+11  3.298E+14  1.893E+07  9.768E+04  2.671E+02  6.013E+02  3.145E+03
  66  1.991E+04   9.113E+06  5.232E+15  3.809E+08  1.145E+11  2.713E+14  1.620E+07  7.962E+04  2.170E+02  4.666E+02  2.333E+03
  67  1.801E+04   8.545E+06  4.749E+15  3.412E+08  9.819E+10  2.231E+14  1.386E+07  6.491E+04  1.763E+02  3.620E+02  1.731E+03
  68  1.630E+04   8.020E+06  4.309E+15  3.059E+08  8.431E+10  1.838E+14  1.186E+07  5.291E+04  1.432E+02  2.812E+02  1.288E+03
  69  1.475E+04   7.518E+06  3.910E+15  2.740E+08  7.230E+10  1.512E+14  1.014E+07  4.312E+04  1.164E+02  2.182E+02  9.557E+02
  70  1.335E+04   7.054E+06  3.547E+15  2.456E+08  6.205E+10  1.245E+14  8.674E+06  3.514E+04  9.450E+01  1.695E+02  7.104E+02
  71  1.207E+04   6.495E+06  3.218E+15  2.170E+08  5.282E+10  1.025E+14  7.353E+06  2.841E+04  7.589E+01  1.302E+02  5.243E+02
  72  1.093E+04   5.993E+06  2.920E+15  1.921E+08  4.507E+10  8.466E+13  6.233E+06  2.297E+04  6.099E+01  1.004E+02  3.888E+02
  73  9.888E+03   5.438E+06  2.650E+15  1.680E+08  3.823E+10  7.009E+13  5.238E+06  1.845E+04  4.850E+01  7.687E+01  2.877E+02
  74  8.946E+03   4.855E+06  2.406E+15  1.452E+08  3.226E+10  5.823E+13  4.363E+06  1.471E+04  3.814E+01  5.844E+01  2.126E+02
  75  8.094E+03   4.269E+06  2.185E+15  1.242E+08  2.711E+10  4.860E+13  3.601E+06  1.163E+04  2.968E+01  4.421E+01  1.573E+02
  76  7.325E+03   3.687E+06  1.986E+15  1.048E+08  2.264E+10  4.067E+13  2.947E+06  9.138E+03  2.285E+01  3.318E+01  1.160E+02
  77  6.626E+03   3.135E+06  1.805E+15  8.744E+07  1.882E+10  3.419E+13  2.388E+06  7.121E+03  1.739E+01  2.476E+01  8.566E+01
  78  5.994E+03   2.620E+06  1.642E+15  7.204E+07  1.556E+10  2.885E+13  1.917E+06  5.506E+03  1.308E+01  1.834E+01  6.317E+01
  79  5.423E+03   2.152E+06  1.494E+15  5.865E+07  1.280E+10  2.446E+13  1.525E+06  4.225E+03  9.735E+00  1.352E+01  4.664E+01
  80  4.906E+03   1.772E+06  1.359E+15  4.787E+07  1.057E+10  2.082E+13  1.211E+06  3.240E+03  7.239E+00  9.994E+00  3.467E+01
  81  4.439E+03   1.462E+06  1.236E+15  3.916E+07  8.750E+09  1.780E+13  9.617E+05  2.484E+03  5.377E+00  7.415E+00  2.595E+01
  82  4.016E+03   1.231E+06  1.124E+15  3.258E+07  7.320E+09  1.524E+13  7.699E+05  1.919E+03  4.038E+00  5.576E+00  1.964E+01
  83  3.633E+03   1.081E+06  1.021E+15  2.797E+07  6.234E+09  1.305E+13  6.272E+05  1.505E+03  3.098E+00  4.287E+00  1.511E+01
  84  3.288E+03   9.890E+05  9.265E+14  2.482E+07  5.412E+09  1.119E+13  5.205E+05  1.200E+03  2.433E+00  3.380E+00  1.183E+01
  85  2.976E+03   9.453E+05  8.399E+14  2.279E+07  4.795E+09  9.605E+12  4.402E+05  9.727E+02  1.957E+00  2.741E+00  9.452E+00
  86  2.690E+03   8.908E+05  7.607E+14  2.071E+07  4.233E+09  8.291E+12  3.679E+05  7.807E+02  1.552E+00  2.216E+00  7.568E+00
  87  2.434E+03   8.447E+05  6.896E+14  1.895E+07  3.763E+09  7.211E+12  3.079E+05  6.281E+02  1.234E+00  1.817E+00  6.144E+00
  88  2.203E+03   7.890E+05  6.258E+14  1.717E+07  3.338E+09  6.319E+12  2.555E+05  5.023E+02  9.714E-01  1.492E+00  5.015E+00
  89  1.994E+03   7.267E+05  5.680E+14  1.541E+07  2.954E+09  5.579E+12  2.099E+05  3.988E+02  7.562E-01  1.227E+00  4.119E+00
  90  1.803E+03   6.457E+05  5.160E+14  1.348E+07  2.584E+09  4.963E+12  1.690E+05  3.115E+02  5.749E-01  9.989E-01  3.372E+00
  91  1.631E+03   5.640E+05  4.690E+14  1.165E+07  2.252E+09  4.443E+12  1.347E+05  2.417E+02  4.323E-01  8.127E-01  2.771E+00
  92  1.476E+03   4.832E+05  4.266E+14  9.925E+06  1.950E+09  3.995E+12  1.062E+05  1.860E+02  3.211E-01  6.589E-01  2.275E+00
  93  1.335E+03   4.057E+05  3.882E+14  8.332E+06  1.678E+09  3.607E+12  8.290E+04  1.421E+02  2.358E-01  5.313E-01  1.865E+00
  94  1.208E+03   3.405E+05  3.533E+14  6.997E+06  1.445E+09  3.264E+12  6.462E+04  1.086E+02  1.731E-01  4.309E-01  1.533E+00
  95  1.093E+03   2.791E+05  3.217E+14  5.773E+06  1.233E+09  2.960E+12  4.979E+04  8.227E+01  1.255E-01  3.461E-01  1.253E+00
  96  9.889E+02   2.335E+05  2.929E+14  4.840E+06  1.062E+09  2.688E+12  3.872E+04  6.297E+01  9.211E-02  2.828E-01  1.033E+00
  97  8.941E+02   1.907E+05  2.666E+14  3.983E+06  9.061E+08  2.442E+12  2.972E+04  4.770E+01  6.665E-02  2.283E-01  8.450E-01
  98  8.089E+02   1.589E+05  2.427E+14  3.329E+06  7.797E+08  2.219E+12  2.305E+04  3.654E+01  4.893E-02  1.872E-01  6.965E-01
  99  7.321E+02   1.352E+05  2.208E+14  2.828E+06  6.775E+08  2.018E+12  1.804E+04  2.829E+01  3.643E-02  1.562E-01  5.789E-01
 100  6.622E+02   1.121E+05  2.010E+14  2.356E+06  5.820E+08  1.835E+12  1.395E+04  2.170E+01  2.674E-02  1.284E-01  4.764E-01
 101  5.989E+02   9.274E+04  1.829E+14  1.959E+06  4.995E+08  1.670E+12  1.077E+04  1.666E+01  1.964E-02  1.056E-01  3.916E-01
 102  5.419E+02   7.648E+04  1.665E+14  1.624E+06  4.282E+08  1.520E+12  8.305E+03  1.281E+01  1.444E-02  8.688E-02  3.214E-01
 103  4.902E+02   6.134E+04  1.517E+14  1.319E+06  3.628E+08  1.384E+12  6.326E+03  9.759E+00  1.047E-02  7.027E-02  2.612E-01
 104  4.432E+02   4.782E+04  1.382E+14  1.047E+06  3.034E+08  1.261E+12  4.750E+03  7.352E+00  7.474E-03  5.585E-02  2.097E-01
 105  4.010E+02   3.708E+04  1.260E+14  8.285E+05  2.534E+08  1.150E+12  3.564E+03  5.552E+00  5.345E-03  4.431E-02  1.681E-01
 106  3.630E+02   2.862E+04  1.149E+14  6.532E+05  2.113E+08  1.048E+12  2.669E+03  4.195E+00  3.822E-03  3.509E-02  1.344E-01
 107  3.282E+02   2.086E+04  1.048E+14  4.924E+05  1.717E+08  9.563E+11  1.945E+03  3.097E+00  2.647E-03  2.676E-02  1.050E-01
 108  2.968E+02   1.510E+04  9.567E+13  3.692E+05  1.391E+08  8.723E+11  1.412E+03  2.286E+00  1.831E-03  2.033E-02  8.174E-02
 109  2.685E+02   1.085E+04  8.737E+13  2.754E+05  1.124E+08  7.963E+11  1.024E+03  1.689E+00  1.266E-03  1.539E-02  6.342E-02
 110  2.429E+02   7.528E+03  7.983E+13  1.999E+05  8.941E+07  7.271E+11  7.299E+02  1.232E+00  8.611E-04  1.140E-02  4.850E-02
 111  2.196E+02   5.179E+03  7.289E+13  1.441E+05  7.082E+07  6.636E+11  5.179E+02  8.974E-01  5.840E-04  8.389E-03  3.686E-02
 112  1.986E+02   3.432E+03  6.665E+13  1.009E+05  5.522E+07  6.063E+11  3.616E+02  6.463E-01  3.894E-04  6.032E-03  2.762E-02
 113  1.797E+02   2.317E+03  6.092E+13  7.171E+04  4.341E+07  5.538E+11  2.547E+02  4.709E-01  2.637E-04  4.393E-03  2.079E-02
 114  1.624E+02   1.506E+03  5.569E+13  4.946E+04  3.355E+07  5.058E+11  1.761E+02  3.387E-01  1.752E-04  3.122E-03  1.539E-02
 115  1.469E+02   9.974E+02  5.089E+13  3.462E+04  2.614E+07  4.618E+11  1.229E+02  2.467E-01  1.183E-04  2.248E-03  1.145E-02
 116  1.329E+02   6.748E+02  4.650E+13  2.464E+04  2.056E+07  4.215E+11  8.663E+01  1.821E-01  8.131E-05  1.642E-03  8.569E-03
 117  1.202E+02   4.536E+02  4.248E+13  1.744E+04  1.612E+07  3.846E+11  6.082E+01  1.346E-01  5.586E-05  1.195E-03  6.381E-03
 118  1.087E+02   3.120E+02  3.879E+13  1.256E+04  1.276E+07  3.508E+11  4.318E+01  1.008E-01  3.906E-05  8.831E-04  4.778E-03
 119  9.839E+01   2.198E+02  3.541E+13  9.222E+03  1.021E+07  3.199E+11  3.101E+01  7.661E-02  2.782E-05  6.630E-04  3.601E-03
 120  8.897E+01   1.546E+02  3.230E+13  6.755E+03  8.155E+06  2.914E+11  2.221E+01  5.838E-02  1.985E-05  4.977E-04  2.706E-03
 121  8.048E+01   1.115E+02  2.946E+13  5.048E+03  6.586E+06  2.654E+11  1.611E+01  4.511E-02  1.443E-05  3.799E-04  2.047E-03
 122  7.280E+01   8.268E+01  2.685E+13  3.852E+03  5.383E+06  2.416E+11  1.183E+01  3.535E-02  1.068E-05  2.950E-04  1.559E-03
 123  6.584E+01   6.195E+01  2.446E+13  2.958E+03  4.412E+06  2.198E+11  8.709E+00  2.795E-02  7.972E-06  2.315E-04  1.193E-03
 124  5.958E+01   4.862E+01  2.227E+13  2.361E+03  3.698E+06  1.998E+11  6.572E+00  2.252E-02  6.128E-06  1.864E-04  9.220E-04
 125  5.390E+01   3.870E+01  2.027E+13  1.901E+03  3.112E+06  1.815E+11  4.977E+00  1.834E-02  4.757E-06  1.520E-04  7.179E-04
 126  4.874E+01   3.121E+01  1.844E+13  1.543E+03  2.629E+06  1.648E+11  3.782E+00  1.509E-02  3.727E-06  1.255E-04  5.625E-04
 127  4.408E+01   2.601E+01  1.677E+13  1.285E+03  2.252E+06  1.496E+11  2.919E+00  1.259E-02  2.979E-06  1.058E-04  4.448E-04
 128  3.987E+01   2.252E+01  1.524E+13  1.101E+03  1.961E+06  1.357E+11  2.291E+00  1.070E-02  2.437E-06  9.151E-05  3.563E-04
 129  3.608E+01   2.022E+01  1.384E+13  9.708E+02  1.734E+06  1.230E+11  1.830E+00  9.233E-03  2.037E-06  8.097E-05  2.887E-04
 130  3.264E+01   1.885E+01  1.257E+13  8.775E+02  1.553E+06  1.114E+11  1.479E+00  8.166E-03  1.743E-06  7.412E-05  2.394E-04
 131  2.953E+01   1.827E+01  1.141E+13  8.170E+02  1.414E+06  1.009E+11  1.216E+00  7.349E-03  1.527E-06  6.959E-05  2.010E-04
 132  2.672E+01   1.846E+01  1.035E+13  7.854E+02  1.310E+06  9.125E+10  1.020E+00  6.739E-03  1.371E-06  6.717E-05  1.714E-04
 133  2.417E+01   1.956E+01  9.384E+12  7.792E+02  1.233E+06  8.249E+10  8.677E-01  6.379E-03  1.270E-06  6.764E-05  1.504E-04
 134  2.188E+01   2.168E+01  8.507E+12  7.996E+02  1.182E+06  7.455E+10  7.539E-01  6.170E-03  1.209E-06  7.021E-05  1.345E-04
 135  1.980E+01   2.510E+01  7.705E+12  8.482E+02  1.155E+06  6.729E+10  6.677E-01  6.094E-03  1.182E-06  7.501E-05  1.221E-04
 136  1.793E+01   3.023E+01  6.977E+12  9.280E+02  1.147E+06  6.072E+10  6.028E-01  6.137E-03  1.185E-06  8.218E-05  1.125E-04
 137  1.621E+01   3.823E+01  6.310E+12  1.048E+03  1.157E+06  5.469E+10  5.521E-01  6.397E-03  1.228E-06  9.402E-05  1.068E-04
 138  1.467E+01   4.952E+01  5.706E+12  1.208E+03  1.182E+06  4.925E+10  5.127E-01  6.740E-03  1.295E-06  1.087E-04  1.019E-04
 139  1.328E+01   6.640E+01  5.158E+12  1.425E+03  1.221E+06  4.432E+10  4.815E-01  7.304E-03  1.402E-06  1.297E-04  9.948E-05
 140  1.201E+01   9.099E+01  4.661E+12  1.713E+03  1.274E+06  3.984E+10  4.577E-01  7.994E-03  1.542E-06  1.560E-04  9.738E-05
 141  1.087E+01   1.279E+02  4.209E+12  2.101E+03  1.347E+06  3.579E+10  4.413E-01  8.864E-03  1.728E-06  1.896E-04  9.585E-05
 142  7.742E+00   4.388E+02  2.969E+12  4.448E+03  1.671E+06  2.469E+10  4.025E-01  1.368E-02  2.781E-06  3.838E-04  9.383E-05
 143  5.562E+00   1.614E+03  2.102E+12  1.014E+04  2.178E+06  1.698E+10  3.942E-01  2.244E-02  4.960E-06  7.609E-04  9.093E-05
 144  4.003E+00   5.930E+03  1.479E+12  2.396E+04  2.926E+06  1.150E+10  4.061E-01  3.485E-02  8.943E-06  1.313E-03  7.747E-05
 145  2.883E+00   2.069E+04  1.035E+12  5.589E+04  3.924E+06  7.641E+09  4.263E-01  4.866E-02  1.526E-05  1.929E-03  5.691E-05
 146  2.077E+00   6.860E+04  7.206E+11  1.279E+05  5.207E+06  4.951E+09  4.544E-01  5.967E-02  2.382E-05  2.418E-03  3.592E-05
 147  1.499E+00   2.156E+05  5.014E+11  2.806E+05  6.664E+06  3.102E+09  4.841E-01  6.580E-02  3.386E-05  2.698E-03  2.027E-05
 148  1.081E+00   6.198E+05  3.493E+11  5.613E+05  7.880E+06  1.847E+09  4.999E-01  6.594E-02  4.286E-05  2.725E-03  1.042E-05
 149  7.792E-01   1.546E+06  2.441E+11  9.749E+05  8.248E+06  1.012E+09  4.962E-01  5.606E-02  4.482E-05  2.329E-03  4.578E-06
 150  5.611E-01   3.208E+06  1.711E+11  1.398E+06  7.238E+06  4.825E+08  4.731E-01  3.700E-02  3.527E-05  1.543E-03  1.576E-06
 151  4.042E-01   4.930E+06  1.200E+11  1.534E+06  5.044E+06  1.903E+08  4.328E-01  1.517E-02  1.714E-05  6.349E-04  3.408E-07
 152  2.912E-01   5.549E+06  8.425E+10  1.264E+06  2.730E+06  6.078E+07  3.788E-01  3.794E-03  5.025E-06  1.593E-04  4.552E-08
 153  2.095E-01   4.886E+06  5.916E+10  8.394E+05  1.235E+06  1.699E+07  3.159E-01  6.691E-04  1.029E-06  2.810E-05  4.337E-09
 154  1.509E-01   3.970E+06  4.155E+10  5.361E+05  5.612E+05  4.975E+06  2.522E-01  1.163E-04  2.089E-07  4.801E-06  4.070E-10
 155  1.086E-01   3.295E+06  2.922E+10  3.581E+05  2.754E+05  1.640E+06  1.927E-01  2.518E-05  5.306E-08  9.719E-07  4.672E-11
 156  8.022E-02   2.744E+06  2.060E+10  2.439E+05  1.420E+05  5.943E+05  1.412E-01  7.112E-06  1.764E-08  2.329E-07  6.804E-12
 157  5.817E-02   2.241E+06  1.456E+10  1.651E+05  7.478E+04  2.284E+05  9.893E-02  2.471E-06  7.224E-09  5.955E-08  1.109E-12
 158  4.228E-02   1.792E+06  1.029E+10  1.121E+05  4.042E+04  9.234E+04  6.754E-02  1.063E-06  3.665E-09  1.573E-08  2.012E-13
 159  3.077E-02   1.422E+06  7.247E+09  7.862E+04  2.323E+04  4.039E+04  4.516E-02  5.650E-07  2.296E-09  4.295E-09  4.252E-14
 160  2.249E-02   1.141E+06  5.078E+09  5.900E+04  1.479E+04  1.982E+04  2.982E-02  3.642E-07  1.766E-09  1.240E-09  1.128E-14
 161  1.644E-02   8.988E+05  3.572E+09  4.290E+04  9.186E+03  9.743E+03  1.911E-02  2.339E-07  1.291E-09  3.757E-10  3.436E-15
 162  1.201E-02   7.124E+05  2.524E+09  3.110E+04  5.739E+03  4.952E+03  1.189E-02  1.443E-07  8.750E-10  1.261E-10  1.153E-15
 163  8.770E-03   5.850E+05  1.791E+09  2.304E+04  3.678E+03  2.634E+03  7.228E-03  8.459E-08  5.469E-10  4.851E-11  4.093E-16
 164  6.400E-03   5.086E+05  1.276E+09  1.775E+04  2.452E+03  1.485E+03  4.305E-03  4.660E-08  3.117E-10  2.228E-11  1.507E-16
 165  4.671E-03   4.735E+05  9.102E+08  1.489E+04  1.812E+03  9.447E+02  2.520E-03  2.570E-08  1.776E-10  1.237E-11  6.017E-17
 166  3.409E-03   4.711E+05  6.468E+08  1.370E+04  1.492E+03  6.735E+02  1.461E-03  1.462E-08  1.060E-10  7.970E-12  2.673E-17
 167  2.492E-03   4.935E+05  4.589E+08  1.345E+04  1.321E+03  5.176E+02  8.443E-04  8.501E-09  6.526E-11  5.712E-12  1.345E-17
 168  1.823E-03   5.359E+05  3.252E+08  1.376E+04  1.219E+03  4.141E+02  4.869E-04  4.983E-09  4.068E-11  4.374E-12  7.673E-18
 169  1.337E-03   5.971E+05  2.304E+08  1.437E+04  1.145E+03  3.356E+02  2.808E-04  2.917E-09  2.531E-11  3.483E-12  4.832E-18
 170  9.812E-04   6.740E+05  1.631E+08  1.505E+04  1.070E+03  2.689E+02  1.617E-04  1.687E-09  1.549E-11  2.802E-12  3.184E-18
 171  7.220E-04   7.726E+05  1.153E+08  1.599E+04  1.008E+03  2.149E+02  9.335E-05  9.867E-10  9.656E-12  2.247E-12  2.171E-18
 172  5.330E-04   8.951E+05  8.110E+07  1.725E+04  9.583E+02  1.710E+02  5.406E-05  5.894E-10  6.241E-12  1.758E-12  1.497E-18
 173  3.945E-04   1.037E+06  5.679E+07  1.864E+04  9.077E+02  1.336E+02  3.131E-05  3.556E-10  4.132E-12  1.314E-12  1.006E-18
 174  2.935E-04   1.229E+06  3.947E+07  2.043E+04  8.559E+02  1.009E+02  1.822E-05  2.158E-10  2.807E-12  9.336E-13  6.405E-19
 175  2.192E-04   1.463E+06  2.716E+07  2.233E+04  7.885E+02  7.214E+01  1.059E-05  1.299E-10  1.940E-12  6.038E-13  3.676E-19
 176  1.646E-04   1.759E+06  1.841E+07  2.416E+04  6.939E+02  4.684E+01  6.146E-06  7.659E-11  1.357E-12  3.370E-13  1.751E-19
 177  1.242E-04   2.098E+06  1.219E+07  2.488E+04  5.492E+02  2.547E+01  3.520E-06  4.294E-11  9.322E-13  1.469E-13  5.954E-20
 178  9.412E-05   2.451E+06  7.777E+06  2.319E+04  3.559E+02  1.008E+01  1.959E-06  2.222E-11  6.142E-13  4.210E-14  1.134E-20
 179  7.124E-05   2.707E+06  4.694E+06  1.772E+04  1.605E+02  2.311E+00  1.028E-06  9.976E-12  3.624E-13  6.129E-15  8.437E-22
 180  5.359E-05   2.841E+06  2.567E+06  8.931E+03  3.232E+01  1.567E-01  4.817E-07  3.033E-12  1.498E-13  2.319E-16  8.227E-24
 181  3.974E-05   2.678E+06  1.217E+06  2.021E+03  1.415E+00  1.098E-03  1.882E-07  4.264E-13  2.982E-14  7.596E-19  2.741E-27
 182  2.920E-05   2.269E+06  4.364E+05  1.159E+02  4.256E-03  1.414E-07  5.397E-08  1.384E-14  1.436E-15  3.877E-23  5.580E-31
 183  2.152E-05   1.662E+06  7.556E+04  4.970E+00  1.949E-06  5.940E-13  7.508E-09  5.138E-17  8.326E-18  5.198E-29  6.350E-36
 184  1.593E-05   9.795E+05  1.180E+04  7.614E-01  5.576E-09  2.849E-17  6.992E-10  9.772E-20  1.638E-20  1.385E-33  0.000E+00
 185  1.147E-05   5.643E+05  1.851E+03  1.182E-01  1.299E-10  9.326E-20  6.844E-11  1.358E-21  2.276E-22  2.613E-36  0.000E+00
 186  8.121E-06   3.065E+05  3.049E+02  1.936E-02  5.474E-12  8.982E-22  7.199E-12  3.271E-23  5.482E-24  1.367E-38  0.000E+00
 187  5.652E-06   1.522E+05  5.194E+01  3.280E-03  2.942E-13  1.196E-23  7.976E-13  9.000E-25  1.508E-25  0.000E+00  0.000E+00
 188  3.878E-06   6.603E+04  8.505E+00  5.341E-04  1.938E-14  2.090E-25  8.610E-14  2.582E-26  4.327E-27  0.000E+00  0.000E+00
 189  2.636E-06   2.366E+04  1.169E+00  7.273E-05  1.358E-15  4.466E-27  7.883E-15  7.213E-28  1.209E-28  0.000E+00  0.000E+00
 190  1.791E-06   6.646E+03  1.134E-01  7.028E-06  7.946E-17  1.079E-28  5.146E-16  1.946E-29  3.261E-30  0.000E+00  0.000E+00
 191  1.220E-06   1.373E+03  6.378E-03  3.953E-07  2.914E-18  4.554E-38  1.965E-17  4.116E-31  6.900E-32  0.000E+00  0.000E+00
 192  8.351E-07   1.967E+02  1.755E-04  1.101E-08  5.362E-20  0.000E+00  3.695E-19  4.750E-33  7.962E-34  0.000E+00  0.000E+00
 193  5.755E-07   1.907E+01  2.160E-06  1.475E-10  4.517E-22  0.000E+00  3.134E-21  2.470E-35  4.141E-36  0.000E+00  0.000E+00
 194  3.993E-07   1.248E+00  1.181E-08  1.300E-12  1.818E-24  0.000E+00  1.185E-23  5.633E-38  0.000E+00  0.000E+00  0.000E+00
 195  2.786E-07   5.610E-02  2.933E-11  1.682E-14  5.383E-27  0.000E+00  2.046E-26  0.000E+00  0.000E+00  0.000E+00  0.000E+00
 196  1.956E-07   1.830E-03  3.693E-14  2.806E-16  3.005E-29  0.000E+00  1.801E-29  0.000E+00  0.000E+00  0.000E+00  0.000E+00
 197  1.379E-07   4.474E-05  2.524E-17  3.799E-18  0.000E+00  0.000E+00  5.495E-33  0.000E+00  0.000E+00  0.000E+00  0.000E+00
 198  9.754E-08   8.440E-07  9.561E-21  3.103E-20  0.000E+00  0.000E+00  1.473E-36  0.000E+00  0.000E+00  0.000E+00  0.000E+00