Index PRESSURE   H          HE         H2         C          CH         CH2_1     CH2_3     CH3        CH4        C2      
   1  9.998E+05   5.286E+18  4.261E+20  2.198E+21  3.645E+10  7.883E+11  1.076E+13  1.170E+14  2.754E+16  6.910E+17  1.001E+07
   2  9.669E+05   4.835E+18  4.154E+20  2.143E+21  2.885E+10  6.412E+11  9.155E+12  1.009E+14  2.544E+16  6.761E+17  7.748E+06
   3  9.352E+05   4.416E+18  4.050E+20  2.089E+21  2.274E+10  5.198E+11  7.770E+12  8.684E+13  2.348E+16  6.622E+17  5.964E+06
   4  9.042E+05   4.029E+18  3.948E+20  2.037E+21  1.785E+10  4.199E+11  6.578E+12  7.457E+13  2.165E+16  6.483E+17  4.572E+06
   5  8.747E+05   3.684E+18  3.849E+20  1.986E+21  1.411E+10  3.412E+11  5.590E+12  6.425E+13  1.999E+16  6.346E+17  3.530E+06
   6  8.459E+05   3.353E+18  3.754E+20  1.937E+21  1.098E+10  2.737E+11  4.710E+12  5.492E+13  1.841E+16  6.222E+17  2.678E+06
   7  8.182E+05   3.058E+18  3.660E+20  1.888E+21  8.607E+09  2.208E+11  3.983E+12  4.709E+13  1.696E+16  6.095E+17  2.047E+06
   8  7.912E+05   2.786E+18  3.567E+20  1.841E+21  6.717E+09  1.775E+11  3.358E+12  4.029E+13  1.561E+16  5.969E+17  1.558E+06
   9  7.652E+05   2.534E+18  3.478E+20  1.795E+21  5.220E+09  1.422E+11  2.826E+12  3.439E+13  1.436E+16  5.851E+17  1.178E+06
  10  7.399E+05   2.302E+18  3.391E+20  1.750E+21  4.039E+09  1.135E+11  2.370E+12  2.927E+13  1.319E+16  5.736E+17  8.874E+05
  11  7.156E+05   2.089E+18  3.307E+20  1.706E+21  3.109E+09  9.025E+10  1.984E+12  2.487E+13  1.211E+16  5.629E+17  6.644E+05
  12  6.922E+05   1.900E+18  3.224E+20  1.664E+21  2.415E+09  7.225E+10  1.668E+12  2.121E+13  1.114E+16  5.518E+17  5.021E+05
  13  6.692E+05   1.719E+18  3.143E+20  1.622E+21  1.842E+09  5.698E+10  1.387E+12  1.792E+13  1.020E+16  5.416E+17  3.718E+05
  14  6.474E+05   1.560E+18  3.065E+20  1.582E+21  1.417E+09  4.527E+10  1.160E+12  1.521E+13  9.360E+15  5.315E+17  2.779E+05
  15  6.260E+05   1.407E+18  2.989E+20  1.543E+21  1.070E+09  3.541E+10  9.592E+11  1.278E+13  8.556E+15  5.223E+17  2.034E+05
  16  6.054E+05   1.273E+18  2.915E+20  1.504E+21  8.154E+08  2.791E+10  7.973E+11  1.078E+13  7.832E+15  5.129E+17  1.503E+05
  17  5.751E+05   1.087E+18  2.804E+20  1.447E+21  5.297E+08  1.914E+10  5.953E+11  8.250E+12  6.819E+15  4.994E+17  9.293E+04
  18  5.469E+05   9.298E+17  2.701E+20  1.394E+21  3.449E+08  1.315E+10  4.453E+11  6.323E+12  5.945E+15  4.867E+17  5.757E+04
  19  5.203E+05   7.924E+17  2.602E+20  1.343E+21  2.218E+08  8.948E+09  3.308E+11  4.814E+12  5.170E+15  4.750E+17  3.514E+04
  20  4.945E+05   6.696E+17  2.506E+20  1.294E+21  1.387E+08  5.945E+09  2.415E+11  3.607E+12  4.467E+15  4.645E+17  2.075E+04
  21  4.705E+05   5.664E+17  2.416E+20  1.247E+21  8.686E+07  3.958E+09  1.766E+11  2.706E+12  3.862E+15  4.543E+17  1.227E+04
  22  4.473E+05   4.749E+17  2.328E+20  1.202E+21  5.278E+07  2.567E+09  1.267E+11  1.995E+12  3.314E+15  4.453E+17  7.002E+03
  23  4.255E+05   4.005E+17  2.244E+20  1.158E+21  3.270E+07  1.693E+09  9.197E+10  1.487E+12  2.856E+15  4.356E+17  4.082E+03
  24  4.048E+05   3.365E+17  2.163E+20  1.116E+21  1.997E+07  1.103E+09  6.617E+10  1.099E+12  2.452E+15  4.265E+17  2.339E+03
  25  3.847E+05   2.829E+17  2.082E+20  1.075E+21  1.225E+07  7.210E+08  4.768E+10  8.134E+11  2.103E+15  4.164E+17  1.348E+03
  26  3.660E+05   2.384E+17  2.006E+20  1.035E+21  7.545E+06  4.730E+08  3.445E+10  6.035E+11  1.807E+15  4.069E+17  7.788E+02
  27  3.480E+05   2.023E+17  1.930E+20  9.960E+20  4.771E+06  3.169E+08  2.526E+10  4.537E+11  1.559E+15  3.959E+17  4.641E+02
  28  3.311E+05   1.741E+17  1.855E+20  9.576E+20  3.163E+06  2.209E+08  1.905E+10  3.499E+11  1.357E+15  3.836E+17  2.922E+02
  29  3.147E+05   1.494E+17  1.782E+20  9.199E+20  2.078E+06  1.528E+08  1.428E+10  2.684E+11  1.179E+15  3.715E+17  1.821E+02
  30  2.994E+05   1.302E+17  1.711E+20  8.831E+20  1.439E+06  1.104E+08  1.105E+10  2.118E+11  1.035E+15  3.583E+17  1.206E+02
  31  2.845E+05   1.131E+17  1.641E+20  8.472E+20  9.891E+05  7.926E+07  8.502E+09  1.664E+11  9.071E+14  3.453E+17  7.924E+01
  32  2.707E+05   9.939E+16  1.575E+20  8.129E+20  7.043E+05  5.862E+07  6.687E+09  1.334E+11  8.014E+14  3.322E+17  5.426E+01
  33  2.575E+05   8.768E+16  1.510E+20  7.794E+20  5.096E+05  4.391E+07  5.308E+09  1.077E+11  7.098E+14  3.189E+17  3.784E+01
  34  2.449E+05   7.773E+16  1.447E+20  7.469E+20  3.748E+05  3.335E+07  4.254E+09  8.784E+10  6.310E+14  3.057E+17  2.691E+01
  35  2.329E+05   6.881E+16  1.386E+20  7.156E+20  2.743E+05  2.522E+07  3.398E+09  7.138E+10  5.599E+14  2.930E+17  1.903E+01
  36  2.216E+05   6.163E+16  1.328E+20  6.854E+20  2.091E+05  1.973E+07  2.782E+09  5.933E+10  5.015E+14  2.800E+17  1.411E+01
  37  2.107E+05   5.513E+16  1.271E+20  6.562E+20  1.588E+05  1.539E+07  2.271E+09  4.919E+10  4.486E+14  2.676E+17  1.042E+01
  38  2.005E+05   4.961E+16  1.217E+20  6.280E+20  1.230E+05  1.220E+07  1.876E+09  4.122E+10  4.029E+14  2.552E+17  7.872E+00
  39  1.906E+05   4.457E+16  1.164E+20  6.008E+20  9.488E+04  9.635E+06  1.546E+09  3.447E+10  3.615E+14  2.434E+17  5.924E+00
  40  1.813E+05   4.058E+16  1.113E+20  5.746E+20  7.655E+04  7.902E+06  1.309E+09  2.954E+10  3.275E+14  2.313E+17  4.698E+00
  41  1.724E+05   3.690E+16  1.064E+20  5.493E+20  6.160E+04  6.464E+06  1.106E+09  2.527E+10  2.964E+14  2.197E+17  3.713E+00
  42  1.640E+05   3.378E+16  1.017E+20  5.250E+20  5.066E+04  5.384E+06  9.470E+08  2.187E+10  2.695E+14  2.083E+17  3.011E+00
  43  1.560E+05   3.113E+16  9.714E+19  5.015E+20  4.262E+04  4.570E+06  8.214E+08  1.917E+10  2.461E+14  1.970E+17  2.507E+00
  44  1.484E+05   2.887E+16  9.275E+19  4.788E+20  3.668E+04  3.953E+06  7.222E+08  1.700E+10  2.257E+14  1.859E+17  2.144E+00
  45  1.411E+05   2.677E+16  8.852E+19  4.570E+20  3.153E+04  3.414E+06  6.339E+08  1.506E+10  2.069E+14  1.752E+17  1.830E+00
  46  1.343E+05   2.518E+16  8.447E+19  4.361E+20  2.844E+04  3.071E+06  5.731E+08  1.370E+10  1.915E+14  1.645E+17  1.652E+00
  47  1.277E+05   2.368E+16  8.055E+19  4.159E+20  2.563E+04  2.758E+06  5.174E+08  1.245E+10  1.771E+14  1.541E+17  1.489E+00
  48  1.215E+05   2.243E+16  7.679E+19  3.965E+20  2.365E+04  2.527E+06  4.735E+08  1.145E+10  1.645E+14  1.440E+17  1.380E+00
  49  1.089E+05   2.016E+16  6.908E+19  3.567E+20  2.067E+04  2.156E+06  3.991E+08  9.742E+09  1.407E+14  1.232E+17  1.222E+00
  50  9.853E+04   1.876E+16  6.262E+19  3.233E+20  1.981E+04  1.992E+06  3.572E+08  8.755E+09  1.235E+14  1.053E+17  1.196E+00
  51  8.914E+04   1.745E+16  5.674E+19  2.930E+20  1.889E+04  1.831E+06  3.181E+08  7.826E+09  1.077E+14  8.948E+16  1.159E+00
  52  8.067E+04   1.635E+16  5.141E+19  2.655E+20  1.837E+04  1.709E+06  2.860E+08  7.055E+09  9.403E+13  7.547E+16  1.144E+00
  53  7.298E+04   1.521E+16  4.658E+19  2.406E+20  1.733E+04  1.555E+06  2.520E+08  6.243E+09  8.124E+13  6.351E+16  1.086E+00
  54  6.605E+04   1.425E+16  4.220E+19  2.180E+20  1.667E+04  1.435E+06  2.242E+08  5.566E+09  7.014E+13  5.301E+16  1.049E+00
  55  5.977E+04   1.326E+16  3.825E+19  1.976E+20  1.557E+04  1.292E+06  1.956E+08  4.875E+09  6.001E+13  4.418E+16  9.753E-01
  56  5.406E+04   1.242E+16  3.464E+19  1.789E+20  1.481E+04  1.180E+06  1.720E+08  4.299E+09  5.121E+13  3.645E+16  9.221E-01
  57  4.893E+04   1.173E+16  3.137E+19  1.620E+20  1.435E+04  1.093E+06  1.525E+08  3.816E+09  4.364E+13  2.978E+16  8.847E-01
  58  4.428E+04   1.115E+16  2.838E+19  1.466E+20  1.416E+04  1.026E+06  1.361E+08  3.407E+09  3.706E+13  2.406E+16  8.611E-01
  59  4.006E+04   1.053E+16  2.570E+19  1.328E+20  1.356E+04  9.383E+05  1.192E+08  2.988E+09  3.119E+13  1.942E+16  8.068E-01
  60  3.625E+04   1.002E+16  2.325E+19  1.201E+20  1.321E+04  8.696E+05  1.051E+08  2.634E+09  2.616E+13  1.549E+16  7.658E-01
  61  3.280E+04   9.602E+15  2.103E+19  1.087E+20  1.309E+04  8.160E+05  9.324E+07  2.333E+09  2.185E+13  1.221E+16  7.357E-01
  62  2.970E+04   9.136E+15  1.904E+19  9.836E+19  1.260E+04  7.472E+05  8.123E+07  2.033E+09  1.811E+13  9.631E+15  6.813E-01
  63  2.687E+04   8.690E+15  1.722E+19  8.899E+19  1.205E+04  6.797E+05  7.029E+07  1.759E+09  1.491E+13  7.540E+15  6.232E-01
  64  2.432E+04   8.332E+15  1.558E+19  8.051E+19  1.172E+04  6.262E+05  6.122E+07  1.530E+09  1.223E+13  5.838E+15  5.772E-01
  65  2.200E+04   7.926E+15  1.410E+19  7.285E+19  1.108E+04  5.633E+05  5.239E+07  1.310E+09  9.955E+12  4.520E+15  5.162E-01
  66  1.991E+04   7.480E+15  1.276E+19  6.594E+19  1.020E+04  4.953E+05  4.409E+07  1.103E+09  8.050E+12  3.505E+15  4.466E-01
  67  1.801E+04   7.062E+15  1.155E+19  5.970E+19  9.345E+03  4.337E+05  3.695E+07  9.261E+08  6.483E+12  2.706E+15  3.833E-01
  68  1.630E+04   6.667E+15  1.046E+19  5.405E+19  8.529E+03  3.782E+05  3.084E+07  7.742E+08  5.201E+12  2.082E+15  3.263E-01
  69  1.475E+04   6.294E+15  9.470E+18  4.894E+19  7.755E+03  3.287E+05  2.566E+07  6.448E+08  4.158E+12  1.596E+15  2.757E-01
  70  1.335E+04   5.942E+15  8.574E+18  4.431E+19  7.029E+03  2.846E+05  2.127E+07  5.352E+08  3.313E+12  1.219E+15  2.315E-01
  71  1.207E+04   5.566E+15  7.765E+18  4.013E+19  6.214E+03  2.415E+05  1.738E+07  4.386E+08  2.629E+12  9.352E+14  1.890E-01
  72  1.093E+04   5.215E+15  7.035E+18  3.636E+19  5.481E+03  2.045E+05  1.418E+07  3.588E+08  2.082E+12  7.161E+14  1.536E-01
  73  9.888E+03   4.848E+15  6.377E+18  3.296E+19  4.724E+03  1.700E+05  1.143E+07  2.903E+08  1.646E+12  5.518E+14  1.218E-01
  74  8.946E+03   4.472E+15  5.782E+18  2.988E+19  3.977E+03  1.386E+05  9.088E+06  2.321E+08  1.298E+12  4.276E+14  9.423E-02
  75  8.094E+03   4.094E+15  5.246E+18  2.711E+19  3.272E+03  1.110E+05  7.145E+06  1.837E+08  1.022E+12  3.337E+14  7.121E-02
  76  7.325E+03   3.717E+15  4.763E+18  2.462E+19  2.630E+03  8.730E+04  5.553E+06  1.440E+08  8.048E+11  2.626E+14  5.259E-02
  77  6.626E+03   3.346E+15  4.326E+18  2.236E+19  2.065E+03  6.737E+04  4.264E+06  1.116E+08  6.326E+11  2.080E+14  3.792E-02
  78  5.994E+03   2.988E+15  3.930E+18  2.031E+19  1.584E+03  5.102E+04  3.235E+06  8.563E+07  4.969E+11  1.661E+14  2.672E-02
  79  5.423E+03   2.645E+15  3.574E+18  1.847E+19  1.186E+03  3.792E+04  2.425E+06  6.502E+07  3.902E+11  1.339E+14  1.838E-02
  80  4.906E+03   2.340E+15  3.250E+18  1.680E+19  8.863E+02  2.815E+04  1.817E+06  4.934E+07  3.065E+11  1.080E+14  1.263E-02
  81  4.439E+03   2.069E+15  2.955E+18  1.527E+19  6.603E+02  2.083E+04  1.358E+06  3.736E+07  2.405E+11  8.708E+13  8.636E-03
  82  4.016E+03   1.843E+15  2.686E+18  1.388E+19  5.019E+02  1.566E+04  1.025E+06  2.853E+07  1.886E+11  6.967E+13  6.022E-03
  83  3.633E+03   1.668E+15  2.438E+18  1.260E+19  3.989E+02  1.220E+04  7.909E+05  2.220E+07  1.479E+11  5.479E+13  4.383E-03
  84  3.288E+03   1.535E+15  2.211E+18  1.143E+19  3.315E+02  9.834E+03  6.235E+05  1.760E+07  1.160E+11  4.233E+13  3.329E-03
  85  2.976E+03   1.436E+15  2.004E+18  1.036E+19  2.888E+02  8.235E+03  5.035E+05  1.426E+07  9.117E+10  3.222E+13  2.652E-03
  86  2.690E+03   1.331E+15  1.815E+18  9.379E+18  2.449E+02  6.737E+03  3.998E+05  1.137E+07  7.117E+10  2.456E+13  2.047E-03
  87  2.434E+03   1.234E+15  1.644E+18  8.499E+18  2.081E+02  5.528E+03  3.186E+05  9.101E+06  5.580E+10  1.881E+13  1.589E-03
  88  2.203E+03   1.136E+15  1.492E+18  7.711E+18  1.725E+02  4.449E+03  2.507E+05  7.205E+06  4.373E+10  1.454E+13  1.203E-03
  89  1.994E+03   1.035E+15  1.354E+18  6.999E+18  1.400E+02  3.521E+03  1.954E+05  5.659E+06  3.433E+10  1.136E+13  8.933E-04
  90  1.803E+03   9.275E+14  1.230E+18  6.356E+18  1.081E+02  2.681E+03  1.486E+05  4.349E+06  2.691E+10  9.023E+12  6.325E-04
  91  1.631E+03   8.233E+14  1.118E+18  5.778E+18  8.169E+01  2.008E+03  1.120E+05  3.318E+06  2.117E+10  7.264E+12  4.397E-04
  92  1.476E+03   7.240E+14  1.017E+18  5.255E+18  6.025E+01  1.476E+03  8.353E+04  2.508E+06  1.667E+10  5.914E+12  2.992E-04
  93  1.335E+03   6.305E+14  9.251E+17  4.781E+18  4.327E+01  1.062E+03  6.147E+04  1.874E+06  1.314E+10  4.867E+12  1.985E-04
  94  1.208E+03   5.486E+14  8.420E+17  4.352E+18  3.122E+01  7.688E+02  4.552E+04  1.410E+06  1.043E+10  4.041E+12  1.333E-04
  95  1.093E+03   4.724E+14  7.666E+17  3.962E+18  2.187E+01  5.434E+02  3.318E+04  1.046E+06  8.267E+09  3.384E+12  8.682E-05
  96  9.889E+02   4.100E+14  6.980E+17  3.607E+18  1.588E+01  3.964E+02  2.482E+04  7.949E+05  6.651E+09  2.854E+12  5.944E-05
  97  8.941E+02   3.521E+14  6.353E+17  3.283E+18  1.120E+01  2.823E+02  1.827E+04  5.956E+05  5.338E+09  2.427E+12  3.950E-05
  98  8.089E+02   3.049E+14  5.782E+17  2.989E+18  8.195E+00  2.078E+02  1.381E+04  4.577E+05  4.352E+09  2.080E+12  2.764E-05
  99  7.321E+02   2.663E+14  5.262E+17  2.720E+18  6.234E+00  1.582E+02  1.073E+04  3.609E+05  3.608E+09  1.796E+12  2.041E-05
 100  6.622E+02   2.301E+14  4.789E+17  2.475E+18  4.600E+00  1.176E+02  8.198E+03  2.805E+05  2.984E+09  1.565E+12  1.461E-05
 101  5.989E+02   1.985E+14  4.358E+17  2.253E+18  3.408E+00  8.776E+01  6.301E+03  2.193E+05  2.485E+09  1.374E+12  1.058E-05
 102  5.419E+02   1.711E+14  3.968E+17  2.051E+18  2.531E+00  6.571E+01  4.864E+03  1.723E+05  2.083E+09  1.216E+12  7.722E-06
 103  4.902E+02   1.458E+14  3.615E+17  1.868E+18  1.813E+00  4.781E+01  3.682E+03  1.329E+05  1.738E+09  1.085E+12  5.421E-06
 104  4.432E+02   1.227E+14  3.292E+17  1.702E+18  1.251E+00  3.371E+01  2.726E+03  1.005E+05  1.440E+09  9.727E+11  3.650E-06
 105  4.010E+02   1.032E+14  3.002E+17  1.552E+18  8.601E-01  2.372E+01  2.017E+03  7.601E+04  1.197E+09  8.769E+11  2.451E-06
 106  3.630E+02   8.657E+13  2.738E+17  1.415E+18  5.887E-01  1.664E+01  1.491E+03  5.744E+04  9.957E+08  7.932E+11  1.641E-06
 107  3.282E+02   7.093E+13  2.498E+17  1.291E+18  3.703E-01  1.087E+01  1.046E+03  4.134E+04  8.108E+08  7.196E+11  9.927E-07
 108  2.968E+02   5.796E+13  2.280E+17  1.178E+18  2.310E-01  7.054E+00  7.302E+02  2.963E+04  6.595E+08  6.539E+11  5.950E-07
 109  2.685E+02   4.724E+13  2.082E+17  1.076E+18  1.426E-01  4.539E+00  5.067E+02  2.113E+04  5.356E+08  5.954E+11  3.517E-07
 110  2.429E+02   3.796E+13  1.902E+17  9.831E+17  8.351E-02  2.794E+00  3.403E+02  1.461E+04  4.290E+08  5.428E+11  1.954E-07
 111  2.196E+02   3.038E+13  1.737E+17  8.977E+17  4.835E-02  1.703E+00  2.269E+02  1.004E+04  3.424E+08  4.947E+11  1.068E-07
 112  1.986E+02   2.395E+13  1.588E+17  8.208E+17  2.642E-02  9.887E-01  1.459E+02  6.669E+03  2.693E+08  4.517E+11  5.457E-08
 113  1.797E+02   1.903E+13  1.452E+17  7.503E+17  1.485E-02  5.882E-01  9.553E+01  4.505E+03  2.133E+08  4.123E+11  2.872E-08
 114  1.624E+02   1.488E+13  1.327E+17  6.858E+17  7.879E-03  3.330E-01  6.027E+01  2.941E+03  1.664E+08  3.764E+11  1.419E-08
 115  1.469E+02   1.173E+13  1.213E+17  6.268E+17  4.306E-03  1.934E-01  3.876E+01  1.954E+03  1.307E+08  3.435E+11  7.236E-09
 116  1.329E+02   9.329E+12  1.108E+17  5.727E+17  2.431E-03  1.154E-01  2.543E+01  1.322E+03  1.037E+08  3.135E+11  3.831E-09
 117  1.202E+02   7.397E+12  1.012E+17  5.231E+17  1.357E-03  6.821E-02  1.657E+01  8.891E+02  8.195E+07  2.859E+11  2.016E-09
 118  1.087E+02   5.921E+12  9.241E+16  4.777E+17  7.847E-04  4.154E-02  1.103E+01  6.101E+02  6.538E+07  2.607E+11  1.104E-09
 119  9.839E+01   4.788E+12  8.436E+16  4.360E+17  4.709E-04  2.610E-02  7.522E+00  4.278E+02  5.269E+07  2.376E+11  6.312E-10
 120  8.897E+01   3.866E+12  7.696E+16  3.978E+17  2.815E-04  1.634E-02  5.112E+00  2.992E+02  4.239E+07  2.164E+11  3.635E-10
 121  8.048E+01   3.155E+12  7.018E+16  3.628E+17  1.750E-04  1.058E-02  3.562E+00  2.141E+02  3.448E+07  1.971E+11  2.201E-10
 122  7.280E+01   2.604E+12  6.396E+16  3.306E+17  1.135E-04  7.093E-03  2.548E+00  1.569E+02  2.835E+07  1.793E+11  1.417E-10
 123  6.584E+01   2.156E+12  5.828E+16  3.012E+17  7.436E-05  4.800E-03  1.834E+00  1.158E+02  2.338E+07  1.630E+11  9.534E-11
 124  5.958E+01   1.822E+12  5.306E+16  2.743E+17  5.273E-05  3.471E-03  1.388E+00  8.940E+01  1.969E+07  1.481E+11  7.220E-11
 125  5.390E+01   1.547E+12  4.830E+16  2.496E+17  3.795E-05  2.542E-03  1.060E+00  6.964E+01  1.665E+07  1.345E+11  5.848E-11
 126  4.874E+01   1.318E+12  4.394E+16  2.271E+17  2.772E-05  1.885E-03  8.154E-01  5.468E+01  1.414E+07  1.221E+11  5.075E-11
 127  4.408E+01   1.138E+12  3.995E+16  2.065E+17  2.131E-05  1.459E-03  6.479E-01  4.423E+01  1.216E+07  1.108E+11  4.825E-11
 128  3.987E+01   9.986E+11  3.631E+16  1.877E+17  1.735E-05  1.185E-03  5.336E-01  3.697E+01  1.063E+07  1.004E+11  4.962E-11
 129  3.608E+01   8.894E+11  3.299E+16  1.705E+17  1.494E-05  1.008E-03  4.551E-01  3.194E+01  9.424E+06  9.096E+10  5.418E-11
 130  3.264E+01   8.017E+11  2.996E+16  1.548E+17  1.346E-05  8.909E-04  3.979E-01  2.827E+01  8.460E+06  8.236E+10  6.052E-11
 131  2.953E+01   7.344E+11  2.719E+16  1.405E+17  1.289E-05  8.277E-04  3.612E-01  2.591E+01  7.716E+06  7.450E+10  7.062E-11
 132  2.672E+01   6.840E+11  2.466E+16  1.275E+17  1.316E-05  8.104E-04  3.408E-01  2.462E+01  7.159E+06  6.735E+10  8.491E-11
 133  2.417E+01   6.472E+11  2.236E+16  1.156E+17  1.427E-05  8.321E-04  3.319E-01  2.415E+01  6.743E+06  6.084E+10  1.040E-10
 134  2.188E+01   6.237E+11  2.027E+16  1.048E+17  1.658E-05  9.030E-04  3.367E-01  2.460E+01  6.469E+06  5.493E+10  1.316E-10
 135  1.980E+01   6.115E+11  1.836E+16  9.488E+16  2.061E-05  1.035E-03  3.556E-01  2.602E+01  6.313E+06  4.954E+10  1.724E-10
 136  1.793E+01   6.096E+11  1.662E+16  8.592E+16  2.730E-05  1.249E-03  3.901E-01  2.851E+01  6.264E+06  4.465E+10  2.332E-10
 137  1.621E+01   6.173E+11  1.503E+16  7.770E+16  3.857E-05  1.581E-03  4.417E-01  3.225E+01  6.311E+06  4.018E+10  3.227E-10
 138  1.467E+01   6.323E+11  1.359E+16  7.027E+16  5.689E-05  2.074E-03  5.141E-01  3.739E+01  6.432E+06  3.614E+10  4.552E-10
 139  1.328E+01   6.551E+11  1.229E+16  6.352E+16  8.785E-05  2.815E-03  6.118E-01  4.432E+01  6.625E+06  3.247E+10  6.499E-10
 140  1.201E+01   6.857E+11  1.110E+16  5.739E+16  1.410E-04  3.946E-03  7.465E-01  5.375E+01  6.896E+06  2.915E+10  9.491E-10
 141  1.087E+01   7.262E+11  1.003E+16  5.183E+16  2.361E-04  5.733E-03  9.358E-01  6.679E+01  7.256E+06  2.614E+10  1.428E-09
 142  7.742E+00   9.099E+11  7.072E+15  3.655E+16  1.525E-03  2.233E-02  2.150E+00  1.483E+02  8.861E+06  1.792E+10  5.877E-09
 143  5.562E+00   1.199E+12  5.006E+15  2.588E+16  1.126E-02  9.950E-02  5.515E+00  3.623E+02  1.129E+07  1.221E+10  2.972E-08
 144  4.003E+00   1.631E+12  3.522E+15  1.820E+16  8.847E-02  4.887E-01  1.555E+01  9.491E+02  1.468E+07  8.165E+09  2.391E-07
 145  2.883E+00   2.231E+12  2.464E+15  1.274E+16  6.769E-01  2.436E+00  4.509E+01  2.513E+03  1.887E+07  5.329E+09  1.985E-06
 146  2.077E+00   3.070E+12  1.716E+15  8.867E+15  5.010E+00  1.215E+01  1.322E+02  6.629E+03  2.366E+07  3.361E+09  1.196E-05
 147  1.499E+00   4.210E+12  1.194E+15  6.167E+15  3.454E+01  5.725E+01  3.694E+02  1.659E+04  2.814E+07  2.017E+09  5.163E-05
 148  1.081E+00   5.640E+12  8.311E+14  4.293E+15  2.038E+02  2.310E+02  8.936E+02  3.626E+04  3.011E+07  1.118E+09  1.744E-04
 149  7.792E-01   7.322E+12  5.807E+14  2.998E+15  9.434E+02  7.331E+02  1.732E+03  6.429E+04  2.724E+07  5.433E+08  5.008E-04
 150  5.611E-01   9.223E+12  4.068E+14  2.098E+15  3.156E+03  1.674E+03  2.449E+03  8.422E+04  1.896E+07  2.101E+08  1.216E-03
 151  4.042E-01   1.117E+13  2.851E+14  1.468E+15  6.513E+03  2.440E+03  2.292E+03  7.318E+04  9.124E+06  5.853E+07  2.401E-03
 152  2.912E-01   1.299E+13  2.001E+14  1.028E+15  7.634E+03  2.072E+03  1.291E+03  3.850E+04  2.777E+06  1.074E+07  3.690E-03
 153  2.095E-01   1.445E+13  1.405E+14  7.188E+14  4.760E+03  9.653E+02  4.141E+02  1.158E+04  5.062E+05  1.234E+06  4.357E-03
 154  1.509E-01   1.540E+13  9.862E+13  5.020E+14  1.565E+03  2.473E+02  7.615E+01  1.997E+03  5.528E+04  8.867E+04  3.928E-03
 155  1.086E-01   1.576E+13  6.934E+13  3.505E+14  3.406E+02  4.295E+01  9.800E+00  2.425E+02  4.435E+03  4.875E+03  2.576E-03
 156  8.022E-02   1.548E+13  4.888E+13  2.449E+14  9.770E+01  1.001E+01  1.741E+00  4.102E+01  5.193E+02  4.078E+02  1.186E-03
 157  5.817E-02   1.468E+13  3.454E+13  1.712E+14  5.226E+01  4.413E+00  6.004E-01  1.358E+01  1.240E+02  7.216E+01  4.036E-04
 158  4.228E-02   1.355E+13  2.442E+13  1.194E+14  3.244E+01  2.313E+00  2.520E-01  5.470E+00  3.694E+01  1.631E+01  1.063E-04
 159  3.077E-02   1.220E+13  1.719E+13  8.275E+13  1.965E+01  1.231E+00  1.107E-01  2.288E+00  1.159E+01  3.965E+00  2.238E-05
 160  2.249E-02   1.072E+13  1.205E+13  5.690E+13  1.175E+01  6.825E-01  5.253E-02  1.019E+00  3.913E+00  1.057E+00  3.764E-06
 161  1.644E-02   9.227E+12  8.473E+12  3.918E+13  7.329E+00  3.908E-01  2.587E-02  4.771E-01  1.429E+00  3.116E-01  4.696E-07
 162  1.201E-02   7.769E+12  5.988E+12  2.707E+13  5.191E+00  2.520E-01  1.445E-02  2.565E-01  6.185E-01  1.114E-01  4.690E-08
 163  8.770E-03   6.442E+12  4.248E+12  1.874E+13  6.433E+00  2.809E-01  1.399E-02  2.414E-01  4.796E-01  7.250E-02  6.582E-09
 164  6.400E-03   5.276E+12  3.028E+12  1.301E+13  3.858E+01  1.490E+00  6.431E-02  1.093E+00  1.827E+00  2.351E-01  1.807E-08
 165  4.671E-03   4.244E+12  2.160E+12  9.041E+12  3.336E+02  1.159E+01  4.417E-01  7.394E+00  1.060E+01  1.181E+00  1.313E-07
 166  3.409E-03   3.371E+12  1.535E+12  6.249E+12  2.302E+03  7.378E+01  2.522E+00  4.131E+01  5.098E+01  4.968E+00  8.638E-07
 167  2.492E-03   2.660E+12  1.089E+12  4.302E+12  1.250E+04  3.745E+02  1.158E+01  1.849E+02  1.965E+02  1.681E+01  5.111E-06
 168  1.823E-03   2.092E+12  7.724E+11  2.947E+12  5.498E+04  1.547E+03  4.334E+01  6.729E+02  6.148E+02  4.611E+01  2.958E-05
 169  1.337E-03   1.644E+12  5.477E+11  2.009E+12  2.005E+05  5.273E+03  1.334E+02  2.014E+03  1.574E+03  1.032E+02  1.787E-04
 170  9.812E-04   1.293E+12  3.884E+11  1.362E+12  5.976E+05  1.455E+04  3.291E+02  4.840E+03  3.220E+03  1.832E+02  1.016E-03
 171  7.220E-04   1.017E+12  2.750E+11  9.133E+11  1.443E+06  3.247E+04  6.535E+02  9.329E+03  5.220E+03  2.554E+02  4.745E-03
 172  5.330E-04   7.992E+11  1.942E+11  6.043E+11  2.815E+06  5.874E+04  1.047E+03  1.442E+04  6.678E+03  2.781E+02  1.649E-02
 173  3.945E-04   6.265E+11  1.367E+11  3.935E+11  4.505E+06  8.734E+04  1.372E+03  1.811E+04  6.836E+03  2.397E+02  4.157E-02
 174  2.935E-04   4.923E+11  9.583E+10  2.495E+11  6.389E+06  1.141E+05  1.550E+03  1.948E+04  5.806E+03  1.671E+02  8.485E-02
 175  2.192E-04   3.859E+11  6.687E+10  1.530E+11  8.187E+06  1.336E+05  1.540E+03  1.826E+04  4.153E+03  9.558E+01  1.478E-01
 176  1.646E-04   3.019E+11  4.637E+10  8.901E+10  9.973E+06  1.457E+05  1.376E+03  1.523E+04  2.505E+03  4.414E+01  2.452E-01
 177  1.242E-04   2.347E+11  3.192E+10  4.792E+10  1.183E+07  1.485E+05  1.086E+03  1.108E+04  1.224E+03  1.551E+01  4.286E-01
 178  9.412E-05   1.801E+11  2.175E+10  2.260E+10  1.391E+07  1.385E+05  7.109E+02  6.591E+03  4.306E+02  3.530E+00  1.016E+00
 179  7.124E-05   1.345E+11  1.464E+10  8.627E+09  1.593E+07  1.092E+05  3.340E+02  2.764E+03  8.770E+01  3.941E-01  4.437E+00
 180  5.359E-05   9.633E+10  9.673E+09  2.084E+09  1.745E+07  5.728E+04  7.071E+01  5.107E+02  4.974E+00  8.312E-03  2.605E+01
 181  3.974E-05   6.457E+10  6.238E+09  2.224E+08  1.513E+07  1.191E+04  2.882E+00  1.764E+01  2.131E-02  6.532E-06  4.932E+01
 182  2.920E-05   4.066E+10  3.879E+09  5.869E+06  1.040E+07  5.508E+02  7.089E-03  3.523E-02  1.024E-06  2.247E-11  3.155E+01
 183  2.152E-05   2.416E+10  2.278E+09  2.851E+04  6.231E+06  5.568E+00  7.890E-07  2.950E-06  1.676E-12  1.078E-17  7.651E+00
 184  1.593E-05   1.406E+10  1.297E+09  3.091E+02  3.503E+06  1.766E-01  4.620E-10  1.782E-09  8.061E-18  4.932E-24  1.208E+00
 185  1.147E-05   8.778E+09  7.746E+08  2.738E+01  2.017E+06  1.700E-02  6.263E-12  2.372E-11  1.095E-20  2.318E-36  1.709E-01
 186  8.121E-06   5.609E+09  4.594E+08  4.005E+00  1.118E+06  1.876E-03  1.580E-13  5.852E-13  6.515E-23  0.000E+00  2.439E-02
 187  5.652E-06   3.650E+09  2.657E+08  6.468E-01  5.770E+05  2.057E-04  4.302E-15  1.572E-14  5.018E-25  0.000E+00  3.689E-03
 188  3.878E-06   2.408E+09  1.470E+08  1.133E-01  2.659E+05  2.025E-05  1.124E-16  4.078E-16  4.724E-27  0.000E+00  6.105E-04
 189  2.636E-06   1.606E+09  7.640E+07  2.303E-02  1.042E+05  1.706E-06  2.890E-18  1.054E-17  5.717E-29  0.000E+00  1.030E-04
 190  1.791E-06   1.082E+09  3.689E+07  6.407E-03  3.323E+04  1.535E-07  1.076E-19  4.015E-19  1.244E-38  0.000E+00  1.422E-05
 191  1.220E-06   7.360E+08  1.633E+07  2.411E-03  8.166E+03  1.793E-08  6.961E-21  2.632E-20  0.000E+00  0.000E+00  1.227E-06
 192  8.351E-07   5.043E+08  6.590E+06  1.011E-03  1.472E+03  1.941E-09  4.614E-22  1.733E-21  0.000E+00  0.000E+00  5.590E-08
 193  5.755E-07   3.479E+08  2.436E+06  4.273E-04  1.908E+02  1.541E-10  2.245E-23  8.311E-23  0.000E+00  0.000E+00  1.271E-09
 194  3.993E-07   2.414E+08  8.331E+05  1.782E-04  1.775E+01  8.626E-12  7.550E-25  2.740E-24  0.000E+00  0.000E+00  1.428E-11
 195  2.786E-07   1.684E+08  2.671E+05  7.311E-05  1.204E+00  3.441E-13  1.771E-26  6.258E-26  0.000E+00  0.000E+00  8.162E-14
 196  1.956E-07   1.182E+08  8.175E+04  2.950E-05  6.240E-02  1.027E-14  3.040E-28  1.038E-27  0.000E+00  0.000E+00  2.613E-16
 197  1.379E-07   8.326E+07  2.410E+04  1.174E-05  2.539E-03  2.363E-16  3.969E-30  1.292E-29  0.000E+00  0.000E+00  4.975E-19
 198  9.754E-08   5.891E+07  6.941E+03  4.972E-06  8.280E-05  4.383E-18  0.000E+00  0.000E+00  0.000E+00  0.000E+00  6.293E-22