Index   PRESSURE   C6H6       O          O_1       O2         OH         H2O        CO         CO2        HCO        H2CO    
   1   1.672E+06   4.692E+00  5.387E+11  4.784E+07  1.926E+08  8.926E+14  3.425E+18  3.196E+17  4.329E+13  6.178E+13  1.807E+14
   2   1.617E+06   4.307E+00  4.489E+11  3.712E+07  1.608E+08  7.953E+14  3.344E+18  3.088E+17  4.223E+13  5.536E+13  1.689E+14
   3   1.564E+06   3.923E+00  3.696E+11  2.834E+07  1.328E+08  7.041E+14  3.264E+18  2.974E+17  4.110E+13  4.923E+13  1.573E+14
   4   1.512E+06   3.583E+00  3.061E+11  2.180E+07  1.103E+08  6.252E+14  3.186E+18  2.868E+17  4.003E+13  4.394E+13  1.466E+14
   5   1.462E+06   3.261E+00  2.527E+11  1.670E+07  9.131E+07  5.541E+14  3.110E+18  2.763E+17  3.896E+13  3.912E+13  1.366E+14
   6   1.414E+06   2.957E+00  2.079E+11  1.273E+07  7.534E+07  4.902E+14  3.037E+18  2.657E+17  3.786E+13  3.474E+13  1.270E+14
   7   1.368E+06   2.692E+00  1.721E+11  9.795E+06  6.255E+07  4.352E+14  2.965E+18  2.560E+17  3.686E+13  3.098E+13  1.184E+14
   8   1.323E+06   2.423E+00  1.407E+11  7.402E+06  5.131E+07  3.837E+14  2.896E+18  2.456E+17  3.576E+13  2.740E+13  1.098E+14
   9   1.280E+06   2.192E+00  1.158E+11  5.642E+06  4.233E+07  3.394E+14  2.828E+18  2.360E+17  3.473E+13  2.432E+13  1.021E+14
  10   1.237E+06   1.977E+00  9.492E+10  4.281E+06  3.481E+07  2.997E+14  2.761E+18  2.265E+17  3.371E+13  2.154E+13  9.478E+13
  11   1.176E+06   1.668E+00  6.934E+10  2.767E+06  2.556E+07  2.464E+14  2.664E+18  2.119E+17  3.210E+13  1.776E+13  8.428E+13
  12   1.118E+06   1.405E+00  5.075E+10  1.793E+06  1.880E+07  2.028E+14  2.571E+18  1.981E+17  3.056E+13  1.465E+13  7.497E+13
  13   1.064E+06   1.184E+00  3.725E+10  1.166E+06  1.387E+07  1.672E+14  2.482E+18  1.852E+17  2.909E+13  1.210E+13  6.671E+13
  14   1.011E+06   9.795E-01  2.683E+10  7.392E+05  1.005E+07  1.364E+14  2.397E+18  1.720E+17  2.755E+13  9.870E+12  5.896E+13
  15   9.616E+05   8.099E-01  1.937E+10  4.701E+05  7.290E+06  1.114E+14  2.315E+18  1.598E+17  2.608E+13  8.056E+12  5.210E+13
  16   9.148E+05   6.694E-01  1.403E+10  3.003E+05  5.309E+06  9.119E+13  2.235E+18  1.484E+17  2.470E+13  6.586E+12  4.609E+13
  17   8.697E+05   5.434E-01  9.960E+09  1.865E+05  3.789E+06  7.379E+13  2.159E+18  1.369E+17  2.325E+13  5.311E+12  4.045E+13
  18   8.272E+05   4.450E-01  7.179E+09  1.183E+05  2.745E+06  6.020E+13  2.084E+18  1.268E+17  2.195E+13  4.323E+12  3.567E+13
  19   7.866E+05   3.574E-01  5.067E+09  7.291E+04  1.949E+06  4.855E+13  2.013E+18  1.165E+17  2.061E+13  3.468E+12  3.121E+13
  20   7.480E+05   2.871E-01  3.589E+09  4.516E+04  1.388E+06  3.923E+13  1.944E+18  1.071E+17  1.934E+13  2.788E+12  2.732E+13
  21   7.112E+05   2.281E-01  2.520E+09  2.763E+04  9.802E+05  3.154E+13  1.877E+18  9.809E+16  1.810E+13  2.226E+12  2.383E+13
  22   6.763E+05   1.793E-01  1.753E+09  1.668E+04  6.854E+05  2.522E+13  1.813E+18  8.944E+16  1.687E+13  1.765E+12  2.070E+13
  23   6.433E+05   1.392E-01  1.207E+09  9.941E+03  4.751E+05  2.006E+13  1.752E+18  8.122E+16  1.568E+13  1.389E+12  1.791E+13
  24   6.117E+05   1.082E-01  8.348E+08  5.957E+03  3.303E+05  1.599E+13  1.692E+18  7.381E+16  1.457E+13  1.096E+12  1.550E+13
  25   5.818E+05   8.297E-02  5.719E+08  3.522E+03  2.276E+05  1.268E+13  1.635E+18  6.675E+16  1.349E+13  8.581E+11  1.336E+13
  26   5.533E+05   6.291E-02  3.878E+08  2.054E+03  1.552E+05  9.993E+12  1.580E+18  6.011E+16  1.245E+13  6.670E+11  1.147E+13
  27   5.259E+05   4.708E-02  2.601E+08  1.180E+03  1.047E+05  7.827E+12  1.526E+18  5.387E+16  1.143E+13  5.141E+11  9.796E+12
  28   5.001E+05   3.531E-02  1.753E+08  6.825E+02  7.099E+04  6.149E+12  1.473E+18  4.832E+16  1.051E+13  3.974E+11  8.377E+12
  29   4.756E+05   2.608E-02  1.169E+08  3.890E+02  4.762E+04  4.801E+12  1.423E+18  4.313E+16  9.618E+12  3.047E+11  7.129E+12
  30   4.523E+05   1.935E-02  7.842E+07  2.235E+02  3.211E+04  3.759E+12  1.374E+18  3.855E+16  8.810E+12  2.344E+11  6.077E+12
  31   4.302E+05   1.443E-02  5.295E+07  1.297E+02  2.179E+04  2.954E+12  1.325E+18  3.452E+16  8.082E+12  1.811E+11  5.189E+12
  32   4.092E+05   1.081E-02  3.603E+07  7.602E+01  1.490E+04  2.331E+12  1.278E+18  3.098E+16  7.428E+12  1.405E+11  4.442E+12
  33   3.891E+05   8.006E-03  2.428E+07  4.397E+01  1.009E+04  1.829E+12  1.233E+18  2.768E+16  6.801E+12  1.083E+11  3.786E+12
  34   3.701E+05   6.101E-03  1.681E+07  2.641E+01  7.017E+03  1.457E+12  1.187E+18  2.499E+16  6.280E+12  8.507E+10  3.260E+12
  35   3.520E+05   4.787E-03  1.199E+07  1.652E+01  5.022E+03  1.179E+12  1.142E+18  2.282E+16  5.852E+12  6.817E+10  2.838E+12
  36   3.346E+05   3.818E-03  8.652E+06  1.052E+01  3.638E+03  9.602E+11  1.097E+18  2.095E+16  5.481E+12  5.516E+10  2.484E+12
  37   3.184E+05   3.143E-03  6.453E+06  7.006E+00  2.721E+03  7.965E+11  1.053E+18  1.946E+16  5.182E+12  4.563E+10  2.201E+12
  38   3.028E+05   2.636E-03  4.885E+06  4.763E+00  2.066E+03  6.659E+11  1.010E+18  1.819E+16  4.926E+12  3.817E+10  1.961E+12
  39   2.879E+05   2.199E-03  3.681E+06  3.218E+00  1.560E+03  5.551E+11  9.690E+17  1.699E+16  4.677E+12  3.183E+10  1.745E+12
  40   2.738E+05   1.865E-03  2.817E+06  2.223E+00  1.198E+03  4.671E+11  9.290E+17  1.595E+16  4.462E+12  2.682E+10  1.561E+12
  41   2.603E+05   1.575E-03  2.148E+06  1.526E+00  9.153E+02  3.919E+11  8.906E+17  1.494E+16  4.250E+12  2.254E+10  1.395E+12
  42   2.478E+05   1.320E-03  1.631E+06  1.042E+00  6.968E+02  3.283E+11  8.546E+17  1.397E+16  4.042E+12  1.888E+10  1.244E+12
  43   2.356E+05   1.103E-03  1.233E+06  7.071E-01  5.281E+02  2.742E+11  8.193E+17  1.304E+16  3.838E+12  1.576E+10  1.107E+12
  44   2.240E+05   8.948E-04  9.074E+05  4.625E-01  3.899E+02  2.257E+11  7.863E+17  1.205E+16  3.612E+12  1.292E+10  9.752E+11
  45   2.131E+05   7.383E-04  6.793E+05  3.098E-01  2.927E+02  1.875E+11  7.543E+17  1.120E+16  3.416E+12  1.070E+10  8.642E+11
  46   2.026E+05   6.073E-04  5.062E+05  2.062E-01  2.187E+02  1.553E+11  7.233E+17  1.039E+16  3.230E+12  8.850E+09  7.650E+11
  47   1.928E+05   5.223E-04  3.933E+05  1.453E-01  1.703E+02  1.317E+11  6.931E+17  9.804E+15  3.094E+12  7.532E+09  6.882E+11
  48   1.833E+05   4.477E-04  3.043E+05  1.019E-01  1.321E+02  1.114E+11  6.636E+17  9.239E+15  2.961E+12  6.394E+09  6.181E+11
  49   1.638E+05   3.850E-04  2.032E+05  5.825E-02  8.844E+01  8.414E+10  5.991E+17  8.680E+15  2.849E+12  5.014E+09  5.207E+11
  50   1.481E+05   4.055E-04  1.672E+05  4.452E-02  7.279E+01  7.178E+10  5.438E+17  8.790E+15  2.914E+12  4.552E+09  4.780E+11
  51   1.340E+05   4.738E-04  1.514E+05  3.881E-02  6.575E+01  6.452E+10  4.920E+17  9.246E+15  3.075E+12  4.421E+09  4.554E+11
  52   1.213E+05   5.664E-04  1.402E+05  3.495E-02  6.075E+01  5.874E+10  4.446E+17  9.812E+15  3.267E+12  4.363E+09  4.376E+11
  53   1.097E+05   6.381E-04  1.236E+05  2.940E-02  5.345E+01  5.202E+10  4.023E+17  1.020E+16  3.410E+12  4.152E+09  4.119E+11
  54   9.927E+04   6.965E-04  1.062E+05  2.386E-02  4.583E+01  4.542E+10  3.641E+17  1.048E+16  3.524E+12  3.877E+09  3.834E+11
  55   8.982E+04   7.554E-04  9.115E+04  1.933E-02  3.922E+01  3.961E+10  3.295E+17  1.075E+16  3.635E+12  3.613E+09  3.564E+11
  56   8.125E+04   8.364E-04  8.006E+04  1.618E-02  3.432E+01  3.498E+10  2.977E+17  1.112E+16  3.772E+12  3.421E+09  3.340E+11
  57   7.353E+04   9.657E-04  7.376E+04  1.448E-02  3.145E+01  3.171E+10  2.683E+17  1.169E+16  3.958E+12  3.341E+09  3.179E+11
  58   6.652E+04   1.106E-03  6.790E+04  1.295E-02  2.878E+01  2.872E+10  2.415E+17  1.227E+16  4.148E+12  3.261E+09  3.023E+11
  59   6.020E+04   1.281E-03  6.399E+04  1.197E-02  2.690E+01  2.634E+10  2.171E+17  1.294E+16  4.350E+12  3.221E+09  2.886E+11
  60   5.446E+04   1.397E-03  5.731E+04  1.030E-02  2.391E+01  2.348E+10  1.952E+17  1.339E+16  4.492E+12  3.071E+09  2.704E+11
  61   4.926E+04   1.537E-03  5.253E+04  9.169E-03  2.170E+01  2.117E+10  1.751E+17  1.394E+16  4.649E+12  2.969E+09  2.548E+11
  62   4.460E+04   1.737E-03  5.052E+04  8.732E-03  2.061E+01  1.960E+10  1.566E+17  1.469E+16  4.844E+12  2.955E+09  2.432E+11
  63   4.036E+04   1.999E-03  5.097E+04  8.897E-03  2.044E+01  1.860E+10  1.392E+17  1.565E+16  5.065E+12  3.018E+09  2.344E+11
  64   3.651E+04   2.321E-03  5.388E+04  9.688E-03  2.113E+01  1.807E+10  1.231E+17  1.678E+16  5.292E+12  3.151E+09  2.272E+11
  65   3.303E+04   2.638E-03  5.817E+04  1.088E-02  2.223E+01  1.774E+10  1.083E+17  1.790E+16  5.469E+12  3.300E+09  2.191E+11
  66   2.991E+04   2.833E-03  6.114E+04  1.177E-02  2.274E+01  1.715E+10  9.529E+16  1.874E+16  5.551E+12  3.365E+09  2.075E+11
  67   2.704E+04   2.721E-03  5.811E+04  1.108E-02  2.108E+01  1.568E+10  8.406E+16  1.911E+16  5.527E+12  3.238E+09  1.914E+11
  68   2.448E+04   2.525E-03  5.513E+04  1.041E-02  1.946E+01  1.431E+10  7.410E+16  1.934E+16  5.451E+12  3.093E+09  1.754E+11
  69   2.215E+04   2.315E-03  5.478E+04  1.045E-02  1.873E+01  1.337E+10  6.492E+16  1.959E+16  5.342E+12  3.005E+09  1.608E+11
  70   2.004E+04   2.070E-03  5.829E+04  1.155E-02  1.915E+01  1.294E+10  5.635E+16  1.992E+16  5.190E+12  2.997E+09  1.477E+11
  71   1.815E+04   1.841E-03  6.968E+04  1.506E-02  2.178E+01  1.332E+10  4.838E+16  2.028E+16  4.969E+12  3.112E+09  1.359E+11
  72   1.642E+04   1.491E-03  8.476E+04  2.016E-02  2.512E+01  1.380E+10  4.131E+16  2.042E+16  4.680E+12  3.218E+09  1.236E+11
  73   1.487E+04   1.117E-03  1.028E+05  2.686E-02  2.887E+01  1.429E+10  3.529E+16  2.023E+16  4.340E+12  3.272E+09  1.106E+11
  74   1.346E+04   7.662E-04  1.189E+05  3.345E-02  3.176E+01  1.442E+10  3.028E+16  1.971E+16  3.983E+12  3.218E+09  9.733E+10
  75   1.217E+04   4.891E-04  1.284E+05  3.783E-02  3.284E+01  1.405E+10  2.616E+16  1.892E+16  3.635E+12  3.048E+09  8.441E+10
  76   1.102E+04   3.070E-04  1.360E+05  4.158E-02  3.347E+01  1.357E+10  2.275E+16  1.795E+16  3.303E+12  2.835E+09  7.245E+10
  77   9.969E+03   1.866E-04  1.349E+05  4.161E-02  3.214E+01  1.267E+10  1.992E+16  1.688E+16  3.003E+12  2.553E+09  6.161E+10
  78   9.020E+03   1.108E-04  1.281E+05  3.917E-02  2.971E+01  1.157E+10  1.755E+16  1.577E+16  2.734E+12  2.253E+09  5.211E+10
  79   8.164E+03   6.657E-05  1.221E+05  3.699E-02  2.763E+01  1.060E+10  1.551E+16  1.467E+16  2.485E+12  1.979E+09  4.388E+10
  80   7.385E+03   3.890E-05  1.139E+05  3.386E-02  2.521E+01  9.601E+09  1.374E+16  1.359E+16  2.258E+12  1.718E+09  3.679E+10
  81   6.685E+03   2.354E-05  1.116E+05  3.319E-02  2.422E+01  8.953E+09  1.219E+16  1.255E+16  2.044E+12  1.510E+09  3.076E+10
  82   6.047E+03   1.389E-05  1.070E+05  3.154E-02  2.283E+01  8.256E+09  1.084E+16  1.155E+16  1.851E+12  1.313E+09  2.562E+10
  83   5.474E+03   8.440E-06  1.054E+05  3.104E-02  2.212E+01  7.732E+09  9.657E+15  1.061E+16  1.674E+12  1.147E+09  2.130E+10
  84   4.951E+03   5.018E-06  9.908E+04  2.867E-02  2.052E+01  7.064E+09  8.628E+15  9.730E+15  1.518E+12  9.855E+08  1.767E+10
  85   4.481E+03   3.090E-06  9.335E+04  2.651E-02  1.912E+01  6.468E+09  7.729E+15  8.907E+15  1.378E+12  8.458E+08  1.465E+10
  86   4.055E+03   1.935E-06  8.601E+04  2.376E-02  1.746E+01  5.854E+09  6.941E+15  8.144E+15  1.253E+12  7.194E+08  1.213E+10
  87   3.667E+03   1.253E-06  7.745E+04  2.062E-02  1.561E+01  5.233E+09  6.243E+15  7.435E+15  1.141E+12  6.063E+08  1.002E+10
  88   3.316E+03   8.356E-07  6.813E+04  1.731E-02  1.365E+01  4.621E+09  5.626E+15  6.781E+15  1.042E+12  5.065E+08  8.277E+09
  89   3.001E+03   5.896E-07  5.996E+04  1.453E-02  1.196E+01  4.086E+09  5.081E+15  6.185E+15  9.522E+11  4.232E+08  6.840E+09
  90   2.716E+03   4.423E-07  5.278E+04  1.220E-02  1.049E+01  3.614E+09  4.593E+15  5.635E+15  8.701E+11  3.532E+08  5.646E+09
  91   2.457E+03   3.331E-07  4.421E+04  9.558E-03  8.770E+00  3.110E+09  4.159E+15  5.136E+15  7.986E+11  2.902E+08  4.663E+09
  92   2.222E+03   2.653E-07  3.700E+04  7.476E-03  7.330E+00  2.675E+09  3.767E+15  4.676E+15  7.330E+11  2.381E+08  3.846E+09
  93   2.011E+03   2.213E-07  3.092E+04  5.838E-03  6.120E+00  2.301E+09  3.418E+15  4.259E+15  6.733E+11  1.954E+08  3.177E+09
  94   1.819E+03   1.878E-07  2.517E+04  4.393E-03  4.981E+00  1.951E+09  3.103E+15  3.878E+15  6.198E+11  1.589E+08  2.622E+09
  95   1.646E+03   1.657E-07  2.044E+04  3.296E-03  4.048E+00  1.652E+09  2.818E+15  3.531E+15  5.707E+11  1.291E+08  2.163E+09
  96   1.489E+03   1.505E-07  1.658E+04  2.467E-03  3.284E+00  1.398E+09  2.560E+15  3.214E+15  5.257E+11  1.049E+08  1.785E+09
  97   1.347E+03   1.406E-07  1.341E+04  1.841E-03  2.660E+00  1.181E+09  2.326E+15  2.925E+15  4.842E+11  8.505E+07  1.473E+09
  98   1.219E+03   1.339E-07  1.083E+04  1.369E-03  2.150E+00  9.974E+08  2.115E+15  2.662E+15  4.462E+11  6.896E+07  1.216E+09
  99   1.102E+03   1.261E-07  8.492E+03  9.782E-04  1.688E+00  8.285E+08  1.923E+15  2.423E+15  4.121E+11  5.540E+07  1.003E+09
 100   9.972E+02   1.238E-07  6.827E+03  7.230E-04  1.359E+00  6.979E+08  1.749E+15  2.205E+15  3.800E+11  4.486E+07  8.279E+08
 101   9.018E+02   1.192E-07  5.324E+03  5.126E-04  1.062E+00  5.779E+08  1.591E+15  2.007E+15  3.512E+11  3.598E+07  6.833E+08
 102   8.161E+02   1.193E-07  4.258E+03  3.763E-04  8.507E-01  4.854E+08  1.448E+15  1.826E+15  3.239E+11  2.908E+07  5.639E+08
 103   7.384E+02   1.160E-07  3.301E+03  2.646E-04  6.609E-01  4.008E+08  1.318E+15  1.663E+15  2.997E+11  2.330E+07  4.659E+08
 104   6.676E+02   1.094E-07  2.480E+03  1.780E-04  4.974E-01  3.249E+08  1.200E+15  1.514E+15  2.777E+11  1.847E+07  3.845E+08
 105   6.038E+02   1.031E-07  1.855E+03  1.191E-04  3.729E-01  2.629E+08  1.093E+15  1.379E+15  2.576E+11  1.463E+07  3.178E+08
 106   5.463E+02   9.686E-08  1.382E+03  7.926E-05  2.785E-01  2.122E+08  9.955E+14  1.257E+15  2.391E+11  1.159E+07  2.628E+08
 107   4.941E+02   8.766E-08  9.948E+02  5.029E-05  2.010E-01  1.681E+08  9.073E+14  1.145E+15  2.225E+11  9.084E+06  2.174E+08
 108   4.470E+02   7.899E-08  7.124E+02  3.168E-05  1.443E-01  1.327E+08  8.273E+14  1.045E+15  2.072E+11  7.112E+06  1.800E+08
 109   4.044E+02   7.066E-08  5.076E+02  1.981E-05  1.031E-01  1.045E+08  7.544E+14  9.525E+14  1.931E+11  5.561E+06  1.491E+08
 110   3.656E+02   6.101E-08  3.484E+02  1.177E-05  7.104E-02  8.061E+07  6.880E+14  8.686E+14  1.804E+11  4.296E+06  1.234E+08
 111   3.308E+02   6.148E-08  2.453E+02  7.243E-06  5.016E-02  6.306E+07  6.276E+14  7.924E+14  1.683E+11  3.348E+06  1.022E+08
 112   2.991E+02   4.368E-07  1.662E+02  4.227E-06  3.409E-02  4.825E+07  5.725E+14  7.228E+14  1.574E+11  2.577E+06  8.468E+07
 113   2.705E+02   1.191E-05  1.119E+02  2.443E-06  2.302E-02  3.681E+07  5.224E+14  6.596E+14  1.473E+11  1.981E+06  7.018E+07
 114   2.447E+02   2.209E-04  7.476E+01  1.398E-06  1.544E-02  2.796E+07  4.769E+14  6.021E+14  1.380E+11  1.520E+06  5.821E+07
 115   2.213E+02   2.546E-03  4.957E+01  7.919E-07  1.027E-02  2.114E+07  4.353E+14  5.496E+14  1.293E+11  1.164E+06  4.829E+07
 116   2.001E+02   1.892E-02  3.264E+01  4.440E-07  6.788E-03  1.592E+07  3.973E+14  5.016E+14  1.213E+11  8.891E+05  4.003E+07
 117   1.811E+02   9.462E-02  2.133E+01  2.463E-07  4.452E-03  1.195E+07  3.628E+14  4.581E+14  1.139E+11  6.779E+05  3.323E+07
 118   1.638E+02   3.359E-01  1.383E+01  1.352E-07  2.899E-03  8.922E+06  3.313E+14  4.183E+14  1.070E+11  5.160E+05  2.758E+07
 119   1.482E+02   8.991E-01  8.907E+00  7.344E-08  1.873E-03  6.636E+06  3.025E+14  3.820E+14  1.006E+11  3.919E+05  2.289E+07
 120   1.340E+02   1.929E+00  5.692E+00  3.947E-08  1.202E-03  4.913E+06  2.762E+14  3.488E+14  9.463E+10  2.969E+05  1.899E+07
 121   1.212E+02   3.465E+00  3.616E+00  2.101E-08  7.669E-04  3.626E+06  2.522E+14  3.185E+14  8.903E+10  2.246E+05  1.576E+07
 122   1.096E+02   5.449E+00  2.293E+00  1.113E-08  4.884E-04  2.670E+06  2.302E+14  2.907E+14  8.378E+10  1.701E+05  1.306E+07
 123   9.912E+01   7.758E+00  1.495E+00  6.136E-09  3.198E-04  1.999E+06  2.102E+14  2.654E+14  7.874E+10  1.298E+05  1.083E+07
 124   8.963E+01   1.024E+01  9.852E-01  3.405E-09  2.116E-04  1.503E+06  1.918E+14  2.422E+14  7.396E+10  9.971E+04  8.978E+06
 125   8.112E+01   1.276E+01  6.715E-01  1.981E-09  1.448E-04  1.152E+06  1.750E+14  2.210E+14  6.939E+10  7.744E+04  7.441E+06
 126   7.338E+01   1.523E+01  4.675E-01  1.174E-09  1.013E-04  8.919E+05  1.597E+14  2.016E+14  6.506E+10  6.082E+04  6.162E+06
 127   6.637E+01   1.758E+01  3.357E-01  7.157E-10  7.310E-05  7.008E+05  1.456E+14  1.839E+14  6.096E+10  4.858E+04  5.100E+06
 128   6.001E+01   1.979E+01  2.534E-01  4.573E-10  5.550E-05  5.643E+05  1.328E+14  1.677E+14  5.706E+10  3.981E+04  4.219E+06
 129   5.430E+01   2.176E+01  2.074E-01  3.269E-10  4.559E-05  4.756E+05  1.210E+14  1.528E+14  5.325E+10  3.343E+04  3.487E+06
 130   4.908E+01   2.356E+01  1.802E-01  2.434E-10  3.988E-05  4.115E+05  1.102E+14  1.392E+14  4.964E+10  2.919E+04  2.881E+06
 131   4.441E+01   2.514E+01  1.702E-01  2.034E-10  3.783E-05  3.733E+05  1.004E+14  1.267E+14  4.616E+10  2.613E+04  2.380E+06
 132   4.019E+01   2.654E+01  1.717E-01  1.847E-10  3.833E-05  3.508E+05  9.131E+13  1.153E+14  4.282E+10  2.396E+04  1.964E+06
 133   3.635E+01   2.776E+01  1.820E-01  1.758E-10  4.083E-05  3.379E+05  8.303E+13  1.048E+14  3.966E+10  2.252E+04  1.620E+06
 134   3.288E+01   2.880E+01  2.009E-01  1.775E-10  4.524E-05  3.329E+05  7.542E+13  9.524E+13  3.666E+10  2.139E+04  1.335E+06
 135   2.974E+01   2.973E+01  2.280E-01  1.839E-10  5.155E-05  3.326E+05  6.853E+13  8.653E+13  3.386E+10  2.062E+04  1.100E+06
 136   2.692E+01   3.051E+01  2.644E-01  1.983E-10  5.993E-05  3.369E+05  6.224E+13  7.859E+13  3.125E+10  1.991E+04  9.066E+05
 137   2.433E+01   3.118E+01  3.079E-01  2.105E-10  7.009E-05  3.408E+05  5.652E+13  7.137E+13  2.884E+10  1.943E+04  7.463E+05
 138   1.752E+01   3.277E+01  5.258E-01  2.713E-10  1.208E-04  3.615E+05  4.125E+13  5.208E+13  2.215E+10  1.812E+04  3.959E+05
 139   1.251E+01   3.363E+01  8.986E-01  3.339E-10  2.089E-04  3.795E+05  2.993E+13  3.780E+13  1.696E+10  1.715E+04  2.073E+05
 140   8.952E+00   3.394E+01  1.607E+00  4.527E-10  3.768E-04  4.109E+05  2.169E+13  2.739E+13  1.290E+10  1.616E+04  1.084E+05
 141   6.407E+00   3.376E+01  3.158E+00  7.293E-10  7.430E-04  4.719E+05  1.567E+13  1.979E+13  9.677E+09  1.530E+04  5.629E+04
 142   4.584E+00   3.328E+01  6.845E+00  1.383E-09  1.610E-03  5.743E+05  1.129E+13  1.425E+13  7.173E+09  1.468E+04  2.901E+04
 143   3.283E+00   3.292E+01  1.601E+01  3.037E-09  3.754E-03  7.337E+05  8.117E+12  1.025E+13  5.261E+09  1.408E+04  1.483E+04
 144   2.351E+00   3.233E+01  3.575E+01  6.617E-09  8.355E-03  9.189E+05  5.829E+12  7.360E+12  3.835E+09  1.294E+04  7.511E+03
 145   1.684E+00   3.227E+01  7.648E+01  1.411E-08  1.783E-02  1.122E+06  4.192E+12  5.292E+12  2.800E+09  1.161E+04  3.770E+03
 146   1.207E+00   3.288E+01  1.507E+02  3.007E-08  3.509E-02  1.315E+06  3.015E+12  3.806E+12  2.046E+09  9.805E+03  1.879E+03
 147   8.644E-01   3.511E+01  2.645E+02  6.580E-08  6.157E-02  1.453E+06  2.168E+12  2.738E+12  1.494E+09  7.646E+03  9.497E+02
 148   6.189E-01   4.347E+01  4.179E+02  1.410E-07  9.737E-02  1.524E+06  1.558E+12  1.967E+12  1.091E+09  5.530E+03  5.099E+02
 149   4.433E-01   7.011E+01  5.846E+02  2.155E-07  1.364E-01  1.504E+06  1.121E+12  1.415E+12  7.989E+08  3.712E+03  3.109E+02
 150   3.176E-01   1.512E+02  7.692E+02  2.167E-07  1.800E-01  1.431E+06  8.079E+11  1.020E+12  5.902E+08  2.412E+03  2.285E+02
 151   2.273E-01   3.975E+02  9.981E+02  1.554E-07  2.349E-01  1.337E+06  5.834E+11  7.362E+11  4.413E+08  1.543E+03  2.098E+02
 152   1.626E-01   1.150E+03  1.304E+03  1.029E-07  3.089E-01  1.244E+06  4.218E+11  5.321E+11  3.327E+08  9.633E+02  2.321E+02
 153   1.163E-01   3.520E+03  1.738E+03  8.689E-08  4.146E-01  1.166E+06  3.052E+11  3.849E+11  2.525E+08  5.857E+02  2.801E+02
 154   8.334E-02   1.054E+04  2.287E+03  8.201E-08  5.504E-01  1.079E+06  2.212E+11  2.787E+11  1.931E+08  3.505E+02  3.284E+02
 155   5.961E-02   2.824E+04  2.963E+03  7.744E-08  7.207E-01  9.837E+05  1.605E+11  2.021E+11  1.488E+08  2.075E+02  3.429E+02
 156   4.263E-02   5.757E+04  3.747E+03  2.848E-07  9.233E-01  8.808E+05  1.167E+11  1.467E+11  1.154E+08  1.206E+02  2.922E+02
 157   3.049E-02   7.812E+04  4.680E+03  1.455E-05  1.172E+00  7.830E+05  8.481E+10  1.065E+11  8.980E+07  6.715E+01  1.923E+02
 158   2.183E-02   6.876E+04  5.828E+03  8.687E-04  1.489E+00  6.982E+05  6.167E+10  7.722E+10  6.989E+07  3.556E+01  9.934E+01
 159   1.562E-02   4.711E+04  7.331E+03  2.380E-02  1.921E+00  6.274E+05  4.481E+10  5.591E+10  5.444E+07  1.833E+01  4.512E+01
 160   1.119E-02   3.345E+04  9.343E+03  2.855E-01  2.539E+00  5.707E+05  3.254E+10  4.041E+10  4.229E+07  9.550E+00  2.279E+01
 161   8.025E-03   2.980E+04  1.333E+04  2.139E+00  3.825E+00  5.416E+05  2.361E+10  2.911E+10  3.289E+07  5.114E+00  1.464E+01
 162   5.761E-03   3.091E+04  2.314E+04  1.023E+01  7.171E+00  5.365E+05  1.712E+10  2.090E+10  2.559E+07  2.833E+00  1.131E+01
 163   4.146E-03   3.546E+04  5.158E+04  3.714E+01  1.776E+01  5.787E+05  1.243E+10  1.494E+10  2.010E+07  1.665E+00  1.001E+01
 164   2.991E-03   3.871E+04  1.193E+05  1.016E+02  4.742E+01  6.699E+05  9.047E+09  1.061E+10  1.592E+07  1.097E+00  1.017E+01
 165   2.166E-03   3.047E+04  2.542E+05  2.239E+02  1.200E+02  8.265E+05  6.620E+09  7.477E+09  1.276E+07  1.330E+00  2.119E+01
 166   1.575E-03   1.100E+04  4.799E+05  4.177E+02  2.706E+02  1.045E+06  4.879E+09  5.217E+09  1.027E+07  1.805E+00  3.418E+01
 167   1.148E-03   3.133E+03  8.134E+05  6.892E+02  5.617E+02  1.319E+06  3.619E+09  3.592E+09  8.206E+06  1.561E+00  3.053E+01
 168   8.405E-04   8.011E+02  1.284E+06  1.048E+03  1.104E+03  1.659E+06  2.711E+09  2.433E+09  6.488E+06  1.183E+00  2.329E+01
 169   6.172E-04   1.914E+02  1.894E+06  1.479E+03  2.042E+03  2.040E+06  2.045E+09  1.618E+09  5.018E+06  8.524E-01  1.670E+01
 170   4.549E-04   4.279E+01  2.691E+06  1.999E+03  3.632E+03  2.477E+06  1.552E+09  1.049E+09  3.775E+06  6.055E-01  1.169E+01
 171   3.363E-04   8.951E+00  3.674E+06  2.595E+03  6.137E+03  2.940E+06  1.178E+09  6.623E+08  2.735E+06  4.315E-01  8.112E+00
 172   2.493E-04   1.714E+00  4.864E+06  3.269E+03  9.823E+03  3.413E+06  8.888E+08  4.059E+08  1.890E+06  3.112E-01  5.623E+00
 173   1.851E-04   2.933E-01  6.177E+06  3.984E+03  1.444E+04  3.835E+06  6.612E+08  2.420E+08  1.233E+06  2.318E-01  3.951E+00
 174   1.379E-04   4.259E-02  7.594E+06  4.739E+03  1.931E+04  4.187E+06  4.829E+08  1.399E+08  7.447E+05  1.812E-01  2.840E+00
 175   1.028E-04   4.908E-03  8.940E+06  5.480E+03  2.266E+04  4.410E+06  3.431E+08  7.875E+07  4.072E+05  1.535E-01  2.135E+00
 176   7.686E-05   3.177E-04  1.014E+07  6.171E+03  2.288E+04  4.515E+06  2.350E+08  4.294E+07  1.923E+05  1.461E-01  1.715E+00
 177   5.758E-05   2.844E-06  1.139E+07  6.732E+03  2.025E+04  4.602E+06  1.525E+08  2.241E+07  7.267E+04  1.600E-01  1.480E+00
 178   4.334E-05   3.946E-09  1.343E+07  6.934E+03  1.679E+04  4.920E+06  8.948E+07  1.086E+07  1.944E+04  2.039E-01  1.339E+00
 179   3.288E-05   2.108E-12  1.735E+07  5.964E+03  1.335E+04  5.614E+06  4.052E+07  4.538E+06  3.240E+03  2.756E-01  1.100E+00
 180   2.533E-05   3.089E-19  1.880E+07  2.907E+03  5.641E+03  4.901E+06  8.536E+06  1.358E+06  2.242E+02  2.632E-01  4.980E-01
 181   2.005E-05   2.647E-32  9.788E+06  3.960E+03  3.685E+02  1.473E+06  3.196E+05  2.226E+05  2.819E+00  1.235E-01  3.586E-02
 182   1.608E-05   0.000E+00  1.406E+06  1.647E+04  4.082E-02  1.203E+03  1.070E+00  1.799E+03  2.296E-05  4.757E-03  4.490E-08
 183   1.143E-05   0.000E+00  7.628E+04  8.951E+02  5.478E-07  1.855E-01  1.090E-06  2.435E+00  1.436E-11  1.979E-08  2.722E-15
 184   8.110E-06   0.000E+00  2.088E+03  2.451E+01  3.102E-12  2.300E-05  1.156E-12  1.647E-03  4.420E-18  6.061E-14  1.351E-22
 185   5.728E-06   0.000E+00  3.215E+01  3.773E-01  1.225E-17  3.662E-09  1.613E-18  5.858E-07  9.149E-25  2.203E-19  6.162E-37
 186   4.039E-06   0.000E+00  3.328E-01  3.906E-03  3.241E-22  7.440E-12  8.353E-23  1.298E-10  0.000E+00  9.210E-24  0.000E+00
 187   2.848E-06   0.000E+00  2.667E-03  3.126E-05  1.773E-26  3.550E-14  2.292E-25  2.096E-14  0.000E+00  8.505E-28  0.000E+00
 188   2.011E-06   0.000E+00  1.803E-05  2.115E-07  0.000E+00  1.474E-16  5.833E-28  2.738E-18  0.000E+00  0.000E+00  0.000E+00
 189   1.422E-06   0.000E+00  1.101E-07  1.292E-09  0.000E+00  5.448E-19  0.000E+00  3.154E-22  0.000E+00  0.000E+00  0.000E+00
 190   1.008E-06   0.000E+00  6.340E-10  7.437E-12  0.000E+00  1.860E-21  0.000E+00  3.399E-26  0.000E+00  0.000E+00  0.000E+00
 191   7.152E-07   0.000E+00  3.436E-12  4.031E-14  0.000E+00  5.842E-24  0.000E+00  0.000E+00  0.000E+00  0.000E+00  0.000E+00
 192   5.089E-07   0.000E+00  1.845E-14  2.165E-16  0.000E+00  1.778E-26  0.000E+00  0.000E+00  0.000E+00  0.000E+00  0.000E+00
 193   3.620E-07   0.000E+00  9.485E-17  1.113E-18  0.000E+00  5.064E-29  0.000E+00  0.000E+00  0.000E+00  0.000E+00  0.000E+00
 194   2.579E-07   0.000E+00  4.834E-19  5.670E-21  0.000E+00  0.000E+00  0.000E+00  0.000E+00  0.000E+00  0.000E+00  0.000E+00
 195   1.839E-07   0.000E+00  2.454E-21  2.879E-23  0.000E+00  0.000E+00  0.000E+00  0.000E+00  0.000E+00  0.000E+00  0.000E+00
 196   1.311E-07   0.000E+00  1.221E-23  1.432E-25  0.000E+00  0.000E+00  0.000E+00  0.000E+00  0.000E+00  0.000E+00  0.000E+00
 197   9.351E-08   0.000E+00  6.048E-26  7.094E-28  0.000E+00  0.000E+00  0.000E+00  0.000E+00  0.000E+00  0.000E+00  0.000E+00
 198   6.679E-08   0.000E+00  3.032E-28  3.557E-30  0.000E+00  0.000E+00  0.000E+00  0.000E+00  0.000E+00  0.000E+00  0.000E+00