Index   PRESSURE   CH2OH      CH3O       CH3OH      HCCO       H2CCO      C2H3O      CH3CHO     C2H4OH     HO2        H2O2    
   1   1.672E+06   7.999E+11  5.179E+10  9.022E+12  3.413E+09  4.316E+11  6.964E+09  5.351E+10  5.711E+07  1.405E+07  2.496E+08
   2   1.617E+06   7.108E+11  4.516E+10  8.457E+12  2.922E+09  3.959E+11  6.208E+09  4.971E+10  5.009E+07  1.151E+07  2.126E+08
   3   1.564E+06   6.275E+11  3.909E+10  7.910E+12  2.472E+09  3.609E+11  5.495E+09  4.601E+10  4.364E+07  9.311E+06  1.796E+08
   4   1.512E+06   5.557E+11  3.394E+10  7.407E+12  2.103E+09  3.298E+11  4.878E+09  4.265E+10  3.813E+07  7.576E+06  1.523E+08
   5   1.462E+06   4.909E+11  2.941E+10  6.927E+12  1.782E+09  3.008E+11  4.320E+09  3.946E+10  3.324E+07  6.145E+06  1.289E+08
   6   1.414E+06   4.331E+11  2.543E+10  6.478E+12  1.504E+09  2.736E+11  3.818E+09  3.647E+10  2.892E+07  4.970E+06  1.088E+08
   7   1.368E+06   3.832E+11  2.208E+10  6.063E+12  1.278E+09  2.498E+11  3.386E+09  3.378E+10  2.525E+07  4.044E+06  9.230E+07
   8   1.323E+06   3.368E+11  1.901E+10  5.664E+12  1.070E+09  2.263E+11  2.977E+09  3.113E+10  2.187E+07  3.250E+06  7.761E+07
   9   1.280E+06   2.968E+11  1.643E+10  5.293E+12  9.022E+08  2.057E+11  2.627E+09  2.875E+10  1.901E+07  2.628E+06  6.553E+07
  10   1.237E+06   2.612E+11  1.417E+10  4.945E+12  7.581E+08  1.866E+11  2.313E+09  2.652E+10  1.650E+07  2.118E+06  5.520E+07
  11   1.176E+06   2.134E+11  1.122E+10  4.448E+12  5.736E+08  1.595E+11  1.889E+09  2.333E+10  1.318E+07  1.507E+06  4.218E+07
  12   1.118E+06   1.747E+11  8.903E+09  4.005E+12  4.342E+08  1.364E+11  1.544E+09  2.053E+10  1.055E+07  1.075E+06  3.231E+07
  13   1.064E+06   1.431E+11  7.072E+09  3.607E+12  3.293E+08  1.167E+11  1.263E+09  1.808E+10  8.453E+06  7.691E+05  2.479E+07
  14   1.011E+06   1.160E+11  5.549E+09  3.237E+12  2.446E+08  9.868E+10  1.019E+09  1.580E+10  6.691E+06  5.401E+05  1.878E+07
  15   9.616E+05   9.402E+10  4.358E+09  2.903E+12  1.820E+08  8.345E+10  8.232E+08  1.380E+10  5.299E+06  3.800E+05  1.424E+07
  16   9.148E+05   7.637E+10  3.430E+09  2.607E+12  1.356E+08  7.062E+10  6.657E+08  1.206E+10  4.203E+06  2.685E+05  1.083E+07
  17   8.697E+05   6.131E+10  2.663E+09  2.331E+12  9.893E+07  5.902E+10  5.306E+08  1.046E+10  3.291E+06  1.857E+05  8.121E+06
  18   8.272E+05   4.958E+10  2.087E+09  2.088E+12  7.320E+07  4.970E+10  4.268E+08  9.109E+09  2.597E+06  1.305E+05  6.153E+06
  19   7.866E+05   3.963E+10  1.613E+09  1.863E+12  5.295E+07  4.131E+10  3.382E+08  7.869E+09  2.023E+06  8.979E+04  4.596E+06
  20   7.480E+05   3.172E+10  1.249E+09  1.663E+12  3.839E+07  3.435E+10  2.683E+08  6.797E+09  1.577E+06  6.198E+04  3.439E+06
  21   7.112E+05   2.525E+10  9.615E+08  1.481E+12  2.753E+07  2.839E+10  2.114E+08  5.847E+09  1.222E+06  4.242E+04  2.559E+06
  22   6.763E+05   1.998E+10  7.352E+08  1.316E+12  1.953E+07  2.330E+10  1.653E+08  5.008E+09  9.413E+05  2.875E+04  1.891E+06
  23   6.433E+05   1.572E+10  5.585E+08  1.168E+12  1.368E+07  1.898E+10  1.282E+08  4.268E+09  7.199E+05  1.931E+04  1.389E+06
  24   6.117E+05   1.239E+10  4.251E+08  1.036E+12  9.623E+06  1.548E+10  9.963E+07  3.640E+09  5.512E+05  1.301E+04  1.022E+06
  25   5.818E+05   9.700E+09  3.214E+08  9.167E+11  6.682E+06  1.253E+10  7.678E+07  3.088E+09  4.191E+05  8.686E+03  7.475E+05
  26   5.533E+05   7.550E+09  2.412E+08  8.097E+11  4.586E+06  1.007E+10  5.870E+07  2.608E+09  3.164E+05  5.740E+03  5.426E+05
  27   5.259E+05   5.833E+09  1.796E+08  7.124E+11  3.106E+06  8.025E+09  4.447E+07  2.189E+09  2.368E+05  3.750E+03  3.907E+05
  28   5.001E+05   4.518E+09  1.342E+08  6.275E+11  2.113E+06  6.409E+09  3.378E+07  1.840E+09  1.777E+05  2.463E+03  2.823E+05
  29   4.756E+05   3.475E+09  9.945E+07  5.513E+11  1.418E+06  5.074E+09  2.543E+07  1.538E+09  1.323E+05  1.600E+03  2.025E+05
  30   4.523E+05   2.681E+09  7.397E+07  4.845E+11  9.571E+05  4.030E+09  1.920E+07  1.287E+09  9.878E+04  1.045E+03  1.458E+05
  31   4.302E+05   2.075E+09  5.524E+07  4.261E+11  6.504E+05  3.212E+09  1.456E+07  1.079E+09  7.400E+04  6.873E+02  1.054E+05
  32   4.092E+05   1.612E+09  4.146E+07  3.752E+11  4.452E+05  2.570E+09  1.109E+07  9.073E+08  5.568E+04  4.556E+02  7.670E+04
  33   3.891E+05   1.244E+09  3.089E+07  3.294E+11  3.013E+05  2.042E+09  8.381E+06  7.587E+08  4.157E+04  2.988E+02  5.535E+04
  34   3.701E+05   9.752E+08  2.343E+07  2.906E+11  2.104E+05  1.652E+09  6.462E+06  6.417E+08  3.159E+04  2.014E+02  4.072E+04
  35   3.520E+05   7.773E+08  1.812E+07  2.577E+11  1.517E+05  1.362E+09  5.087E+06  5.492E+08  2.445E+04  1.398E+02  3.056E+04
  36   3.346E+05   6.241E+08  1.413E+07  2.290E+11  1.112E+05  1.134E+09  4.046E+06  4.727E+08  1.908E+04  9.820E+01  2.312E+04
  37   3.184E+05   5.106E+08  1.127E+07  2.049E+11  8.445E+04  9.637E+08  3.295E+06  4.124E+08  1.521E+04  7.130E+01  1.791E+04
  38   3.028E+05   4.213E+08  9.071E+06  1.837E+11  6.532E+04  8.283E+08  2.713E+06  3.621E+08  1.225E+04  5.254E+01  1.401E+04
  39   2.879E+05   3.466E+08  7.281E+06  1.645E+11  5.028E+04  7.098E+08  2.227E+06  3.174E+08  9.821E+03  3.852E+01  1.092E+04
  40   2.738E+05   2.878E+08  5.904E+06  1.478E+11  3.938E+04  6.145E+08  1.850E+06  2.799E+08  7.963E+03  2.871E+01  8.610E+03
  41   2.603E+05   2.384E+08  4.774E+06  1.327E+11  3.070E+04  5.304E+08  1.531E+06  2.464E+08  6.438E+03  2.130E+01  6.767E+03
  42   2.478E+05   1.970E+08  3.853E+06  1.191E+11  2.379E+04  4.563E+08  1.263E+06  2.166E+08  5.191E+03  1.575E+01  5.310E+03
  43   2.356E+05   1.623E+08  3.097E+06  1.067E+11  1.836E+04  3.914E+08  1.038E+06  1.899E+08  4.170E+03  1.158E+01  4.149E+03
  44   2.240E+05   1.316E+08  2.447E+06  9.510E+10  1.373E+04  3.296E+08  8.363E+05  1.646E+08  3.292E+03  8.298E+00  3.182E+03
  45   2.131E+05   1.078E+08  1.953E+06  8.503E+10  1.046E+04  2.806E+08  6.819E+05  1.436E+08  2.627E+03  6.046E+00  2.470E+03
  46   2.026E+05   8.804E+07  1.556E+06  7.594E+10  7.943E+03  2.383E+08  5.546E+05  1.252E+08  2.091E+03  4.385E+00  1.911E+03
  47   1.928E+05   7.372E+07  1.274E+06  6.844E+10  6.319E+03  2.082E+08  4.651E+05  1.110E+08  1.711E+03  3.317E+00  1.523E+03
  48   1.833E+05   6.155E+07  1.041E+06  6.155E+10  5.011E+03  1.815E+08  3.891E+05  9.834E+07  1.395E+03  2.498E+00  1.209E+03
  49   1.638E+05   4.547E+07  7.425E+05  5.029E+10  3.642E+03  1.506E+08  2.977E+05  8.093E+07  9.924E+02  1.570E+00  8.123E+02
  50   1.481E+05   3.829E+07  6.150E+05  4.343E+10  3.332E+03  1.434E+08  2.664E+05  7.327E+07  8.186E+02  1.225E+00  6.394E+02
  51   1.340E+05   3.408E+07  5.429E+05  3.819E+10  3.403E+03  1.458E+08  2.560E+05  6.911E+07  7.189E+02  1.051E+00  5.375E+02
  52   1.213E+05   3.073E+07  4.864E+05  3.371E+10  3.567E+03  1.504E+08  2.502E+05  6.576E+07  6.404E+02  9.227E-01  4.589E+02
  53   1.097E+05   2.689E+07  4.212E+05  2.943E+10  3.524E+03  1.497E+08  2.351E+05  6.112E+07  5.509E+02  7.707E-01  3.785E+02
  54   9.927E+04   2.316E+07  3.582E+05  2.553E+10  3.375E+03  1.462E+08  2.163E+05  5.609E+07  4.653E+02  6.270E-01  3.064E+02
  55   8.982E+04   1.991E+07  3.041E+05  2.213E+10  3.222E+03  1.424E+08  1.985E+05  5.137E+07  3.919E+02  5.091E-01  2.477E+02
  56   8.125E+04   1.733E+07  2.619E+05  1.924E+10  3.155E+03  1.406E+08  1.850E+05  4.742E+07  3.344E+02  4.228E-01  2.033E+02
  57   7.353E+04   1.548E+07  2.324E+05  1.684E+10  3.252E+03  1.429E+08  1.780E+05  4.445E+07  2.935E+02  3.682E-01  1.723E+02
  58   6.652E+04   1.379E+07  2.059E+05  1.470E+10  3.345E+03  1.448E+08  1.708E+05  4.158E+07  2.565E+02  3.201E-01  1.458E+02
  59   6.020E+04   1.242E+07  1.845E+05  1.284E+10  3.511E+03  1.481E+08  1.656E+05  3.899E+07  2.265E+02  2.843E-01  1.251E+02
  60   5.446E+04   1.085E+07  1.599E+05  1.110E+10  3.477E+03  1.463E+08  1.546E+05  3.577E+07  1.929E+02  2.400E-01  1.036E+02
  61   4.926E+04   9.563E+06  1.403E+05  9.591E+09  3.518E+03  1.460E+08  1.460E+05  3.293E+07  1.657E+02  2.069E-01  8.699E+01
  62   4.460E+04   8.633E+06  1.265E+05  8.322E+09  3.730E+03  1.490E+08  1.416E+05  3.064E+07  1.456E+02  1.869E-01  7.535E+01
  63   4.036E+04   7.947E+06  1.168E+05  7.214E+09  4.127E+03  1.550E+08  1.403E+05  2.865E+07  1.301E+02  1.764E-01  6.712E+01
  64   3.651E+04   7.444E+06  1.100E+05  6.238E+09  4.741E+03  1.634E+08  1.414E+05  2.678E+07  1.179E+02  1.737E-01  6.143E+01
  65   3.303E+04   6.988E+06  1.037E+05  5.352E+09  5.477E+03  1.711E+08  1.418E+05  2.472E+07  1.065E+02  1.741E-01  5.675E+01
  66   2.991E+04   6.428E+06  9.550E+04  4.548E+09  6.062E+03  1.739E+08  1.378E+05  2.231E+07  9.361E+01  1.696E-01  5.144E+01
  67   2.704E+04   5.576E+06  8.315E+04  3.789E+09  6.053E+03  1.671E+08  1.257E+05  1.951E+07  7.686E+01  1.495E-01  4.343E+01
  68   2.448E+04   4.805E+06  7.192E+04  3.138E+09  5.960E+03  1.585E+08  1.132E+05  1.686E+07  6.233E+01  1.312E-01  3.655E+01
  69   2.215E+04   4.199E+06  6.315E+04  2.582E+09  6.041E+03  1.509E+08  1.028E+05  1.444E+07  5.091E+01  1.202E-01  3.162E+01
  70   2.004E+04   3.737E+06  5.673E+04  2.102E+09  6.385E+03  1.448E+08  9.433E+04  1.221E+07  4.185E+01  1.171E-01  2.840E+01
  71   1.815E+04   3.463E+06  5.288E+04  1.698E+09  7.254E+03  1.408E+08  8.857E+04  1.014E+07  3.540E+01  1.273E-01  2.742E+01
  72   1.642E+04   3.174E+06  4.899E+04  1.344E+09  8.128E+03  1.337E+08  8.123E+04  8.175E+06  2.905E+01  1.402E-01  2.664E+01
  73   1.487E+04   2.868E+06  4.466E+04  1.051E+09  8.830E+03  1.232E+08  7.235E+04  6.405E+06  2.323E+01  1.539E-01  2.584E+01
  74   1.346E+04   2.511E+06  3.945E+04  8.117E+08  9.027E+03  1.095E+08  6.187E+04  4.898E+06  1.782E+01  1.616E-01  2.434E+01
  75   1.217E+04   2.120E+06  3.363E+04  6.223E+08  8.611E+03  9.391E+07  5.086E+04  3.685E+06  1.311E+01  1.592E-01  2.199E+01
  76   1.102E+04   1.777E+06  2.821E+04  4.780E+08  7.986E+03  7.927E+07  4.109E+04  2.747E+06  9.580E+00  1.547E-01  1.974E+01
  77   9.969E+03   1.446E+06  2.297E+04  3.668E+08  7.004E+03  6.539E+07  3.229E+04  2.038E+06  6.812E+00  1.413E-01  1.703E+01
  78   9.020E+03   1.156E+06  1.836E+04  2.815E+08  5.919E+03  5.316E+07  2.493E+04  1.509E+06  4.760E+00  1.242E-01  1.434E+01
  79   8.164E+03   9.284E+05  1.462E+04  2.170E+08  4.989E+03  4.309E+07  1.920E+04  1.114E+06  3.352E+00  1.099E-01  1.216E+01
  80   7.385E+03   7.362E+05  1.151E+04  1.668E+08  4.112E+03  3.455E+07  1.460E+04  8.177E+05  2.324E+00  9.528E-02  1.017E+01
  81   6.685E+03   5.991E+05  9.180E+03  1.291E+08  3.493E+03  2.792E+07  1.122E+04  5.982E+05  1.660E+00  8.708E-02  8.847E+00
  82   6.047E+03   4.818E+05  7.244E+03  9.972E+07  2.905E+03  2.234E+07  8.527E+03  4.355E+05  1.168E+00  7.803E-02  7.596E+00
  83   5.474E+03   3.936E+05  5.753E+03  7.752E+07  2.456E+03  1.797E+07  6.526E+03  3.171E+05  8.386E-01  7.192E-02  6.661E+00
  84   4.951E+03   3.151E+05  4.491E+03  6.012E+07  2.008E+03  1.429E+07  4.922E+03  2.310E+05  5.899E-01  6.343E-02  5.667E+00
  85   4.481E+03   2.542E+05  3.510E+03  4.701E+07  1.650E+03  1.142E+07  3.732E+03  1.692E+05  4.211E-01  5.618E-02  4.847E+00
  86   4.055E+03   2.039E+05  2.722E+03  3.692E+07  1.339E+03  9.119E+06  2.822E+03  1.246E+05  3.006E-01  4.872E-02  4.088E+00
  87   3.667E+03   1.630E+05  2.092E+03  2.915E+07  1.075E+03  7.289E+06  2.132E+03  9.233E+04  2.155E-01  4.137E-02  3.399E+00
  88   3.316E+03   1.298E+05  1.597E+03  2.314E+07  8.553E+02  5.835E+06  1.610E+03  6.895E+04  1.550E-01  3.434E-02  2.784E+00
  89   3.001E+03   1.045E+05  1.222E+03  1.858E+07  6.862E+02  4.716E+06  1.229E+03  5.206E+04  1.140E-01  2.857E-02  2.288E+00
  90   2.716E+03   8.488E+04  9.355E+02  1.508E+07  5.554E+02  3.846E+06  9.464E+02  3.967E+04  8.551E-02  2.379E-02  1.882E+00
  91   2.457E+03   6.772E+04  7.058E+02  1.224E+07  4.370E+02  3.123E+06  7.230E+02  3.048E+04  6.334E-02  1.886E-02  1.496E+00
  92   2.222E+03   5.448E+04  5.323E+02  1.003E+07  3.465E+02  2.555E+06  5.565E+02  2.360E+04  4.776E-02  1.494E-02  1.189E+00
  93   2.011E+03   4.418E+04  4.027E+02  8.293E+06  2.767E+02  2.109E+06  4.323E+02  1.846E+04  3.662E-02  1.184E-02  9.457E-01
  94   1.819E+03   3.555E+04  3.021E+02  6.872E+06  2.181E+02  1.740E+06  3.348E+02  1.452E+04  2.801E-02  9.132E-03  7.384E-01
  95   1.646E+03   2.877E+04  2.268E+02  5.733E+06  1.727E+02  1.444E+06  2.609E+02  1.149E+04  2.169E-02  7.034E-03  5.762E-01
  96   1.489E+03   2.339E+04  1.705E+02  4.808E+06  1.373E+02  1.204E+06  2.042E+02  9.151E+03  1.696E-02  5.411E-03  4.491E-01
  97   1.347E+03   1.908E+04  1.282E+02  4.052E+06  1.095E+02  1.007E+06  1.605E+02  7.319E+03  1.338E-02  4.152E-03  3.497E-01
  98   1.219E+03   1.561E+04  9.656E+01  3.426E+06  8.748E+01  8.459E+05  1.265E+02  5.875E+03  1.062E-02  3.182E-03  2.719E-01
  99   1.102E+03   1.259E+04  7.204E+01  2.890E+06  6.863E+01  7.069E+05  9.903E+01  4.727E+03  8.315E-03  2.367E-03  2.071E-01
 100   9.972E+02   1.034E+04  5.436E+01  2.458E+06  5.494E+01  5.963E+05  7.840E+01  3.819E+03  6.660E-03  1.806E-03  1.607E-01
 101   9.018E+02   8.361E+03  4.060E+01  2.082E+06  4.311E+01  4.996E+05  6.153E+01  3.087E+03  5.247E-03  1.336E-03  1.219E-01
 102   8.161E+02   6.875E+03  3.067E+01  1.776E+06  3.452E+01  4.226E+05  4.883E+01  2.504E+03  4.224E-03  1.014E-03  9.428E-02
 103   7.384E+02   5.558E+03  2.295E+01  1.508E+06  2.705E+01  3.547E+05  3.839E+01  2.031E+03  3.335E-03  7.466E-04  7.130E-02
 104   6.676E+02   4.408E+03  1.695E+01  1.271E+06  2.069E+01  2.951E+05  2.983E+01  1.645E+03  2.579E-03  5.318E-04  5.268E-02
 105   6.038E+02   3.491E+03  1.253E+01  1.072E+06  1.580E+01  2.454E+05  2.319E+01  1.335E+03  1.992E-03  3.774E-04  3.885E-02
 106   5.463E+02   2.761E+03  9.262E+00  9.046E+05  1.204E+01  2.041E+05  1.802E+01  1.085E+03  1.536E-03  2.668E-04  2.857E-02
 107   4.941E+02   2.138E+03  6.753E+00  7.569E+05  8.937E+00  1.681E+05  1.383E+01  8.798E+02  1.157E-03  1.821E-04  2.050E-02
 108   4.470E+02   1.651E+03  4.919E+00  6.331E+05  6.611E+00  1.382E+05  1.061E+01  7.144E+02  8.693E-04  1.237E-04  1.467E-02
 109   4.044E+02   1.271E+03  3.578E+00  5.290E+05  4.870E+00  1.135E+05  8.122E+00  5.802E+02  6.505E-04  8.359E-05  1.046E-02
 110   3.656E+02   9.557E+02  2.561E+00  4.380E+05  3.487E+00  9.217E+04  6.132E+00  4.700E+02  4.746E-04  5.440E-05  7.256E-03
 111   3.308E+02   7.301E+02  1.855E+00  3.649E+05  2.545E+00  7.543E+04  4.677E+00  3.817E+02  3.521E-04  3.633E-05  5.129E-03
 112   2.991E+02   5.445E+02  1.321E+00  3.011E+05  1.804E+00  6.097E+04  3.516E+00  3.093E+02  2.545E-04  2.333E-05  3.526E-03
 113   2.705E+02   4.043E+02  9.389E-01  2.481E+05  1.271E+00  4.918E+04  2.639E+00  2.506E+02  1.831E-04  1.488E-05  2.414E-03
 114   2.447E+02   2.989E+02  6.657E-01  2.040E+05  8.902E-01  3.955E+04  1.975E+00  2.033E+02  1.311E-04  9.427E-06  1.644E-03
 115   2.213E+02   2.199E+02  4.706E-01  1.675E+05  6.195E-01  3.173E+04  1.475E+00  1.648E+02  9.335E-05  5.925E-06  1.114E-03
 116   2.001E+02   1.609E+02  3.315E-01  1.372E+05  4.281E-01  2.534E+04  1.098E+00  1.335E+02  6.613E-05  3.696E-06  7.511E-04
 117   1.811E+02   1.172E+02  2.330E-01  1.122E+05  2.937E-01  2.018E+04  8.162E-01  1.082E+02  4.665E-05  2.289E-06  5.038E-04
 118   1.638E+02   8.494E+01  1.633E-01  9.153E+04  1.999E-01  1.600E+04  6.048E-01  8.779E+01  3.274E-05  1.407E-06  3.363E-04
 119   1.482E+02   6.128E+01  1.141E-01  7.453E+04  1.349E-01  1.262E+04  4.471E-01  7.122E+01  2.289E-05  8.584E-07  2.233E-04
 120   1.340E+02   4.399E+01  7.945E-02  6.056E+04  9.019E-02  9.889E+03  3.296E-01  5.780E+01  1.595E-05  5.197E-07  1.476E-04
 121   1.212E+02   3.147E+01  5.524E-02  4.914E+04  5.973E-02  7.699E+03  2.425E-01  4.700E+01  1.112E-05  3.127E-07  9.719E-05
 122   1.096E+02   2.250E+01  3.841E-02  3.983E+04  3.921E-02  5.943E+03  1.784E-01  3.842E+01  7.815E-06  1.878E-07  6.402E-05
 123   9.912E+01   1.636E+01  2.702E-02  3.249E+04  2.619E-02  4.609E+03  1.326E-01  3.137E+01  5.583E-06  1.161E-07  4.302E-05
 124   8.963E+01   1.199E+01  1.913E-02  2.658E+04  1.744E-02  3.544E+03  9.912E-02  2.599E+01  4.104E-06  7.251E-08  2.925E-05
 125   8.112E+01   8.980E+00  1.375E-02  2.191E+04  1.185E-02  2.739E+03  7.504E-02  2.157E+01  3.127E-06  4.692E-08  2.039E-05
 126   7.338E+01   6.840E+00  1.001E-02  1.817E+04  8.088E-03  2.101E+03  5.745E-02  1.830E+01  2.522E-06  3.107E-08  1.455E-05
 127   6.637E+01   5.338E+00  7.429E-03  1.518E+04  5.575E-03  1.602E+03  4.469E-02  1.598E+01  2.194E-06  2.129E-08  1.072E-05
 128   6.001E+01   4.327E+00  5.682E-03  1.284E+04  3.935E-03  1.220E+03  3.567E-02  1.455E+01  2.091E-06  1.543E-08  8.324E-06
 129   5.430E+01   3.679E+00  4.494E-03  1.105E+04  2.970E-03  9.568E+02  2.930E-02  1.324E+01  2.135E-06  1.216E-08  6.845E-06
 130   4.908E+01   3.290E+00  3.715E-03  9.645E+03  2.302E-03  7.462E+02  2.496E-02  1.301E+01  2.380E-06  1.032E-08  6.058E-06
 131   4.441E+01   3.090E+00  3.185E-03  8.567E+03  1.923E-03  6.037E+02  2.190E-02  1.273E+01  2.747E-06  9.544E-09  5.689E-06
 132   4.019E+01   3.031E+00  2.832E-03  7.725E+03  1.699E-03  5.003E+02  1.974E-02  1.262E+01  3.252E-06  9.451E-09  5.636E-06
 133   3.635E+01   3.081E+00  2.605E-03  7.043E+03  1.552E-03  4.180E+02  1.822E-02  1.286E+01  3.926E-06  9.898E-09  5.866E-06
 134   3.288E+01   3.208E+00  2.454E-03  6.475E+03  1.474E-03  3.564E+02  1.704E-02  1.297E+01  4.711E-06  1.076E-08  6.279E-06
 135   2.974E+01   3.410E+00  2.370E-03  5.995E+03  1.428E-03  3.055E+02  1.618E-02  1.321E+01  5.652E-06  1.205E-08  6.913E-06
 136   2.692E+01   3.661E+00  2.324E-03  5.578E+03  1.419E-03  2.663E+02  1.542E-02  1.318E+01  6.652E-06  1.367E-08  7.677E-06
 137   2.433E+01   3.954E+00  2.312E-03  5.183E+03  1.399E-03  2.292E+02  1.482E-02  1.334E+01  7.814E-06  1.571E-08  8.675E-06
 138   1.752E+01   5.091E+00  2.400E-03  4.044E+03  1.387E-03  1.436E+02  1.315E-02  1.282E+01  1.208E-05  2.509E-08  1.325E-05
 139   1.251E+01   6.192E+00  2.529E-03  2.960E+03  1.342E-03  8.701E+01  1.174E-02  1.144E+01  1.655E-05  4.025E-08  2.081E-05
 140   8.952E+00   7.065E+00  2.666E-03  2.051E+03  1.384E-03  5.545E+01  1.050E-02  9.424E+00  1.982E-05  6.416E-08  3.287E-05
 141   6.407E+00   7.799E+00  2.897E-03  1.377E+03  1.581E-03  3.800E+01  9.528E-03  7.423E+00  2.183E-05  1.050E-07  5.356E-05
 142   4.584E+00   8.500E+00  3.333E-03  9.221E+02  1.962E-03  2.772E+01  8.831E-03  5.715E+00  2.335E-05  1.789E-07  9.124E-05
 143   3.283E+00   9.252E+00  4.143E-03  6.392E+02  2.570E-03  2.142E+01  8.251E-03  4.253E+00  2.477E-05  3.091E-07  1.576E-04
 144   2.351E+00   9.595E+00  5.212E-03  4.551E+02  3.224E-03  1.666E+01  7.417E-03  2.946E+00  2.535E-05  4.892E-07  2.494E-04
 145   1.684E+00   9.557E+00  6.612E-03  3.313E+02  3.891E-03  1.289E+01  6.502E-03  1.943E+00  2.601E-05  7.203E-07  3.680E-04
 146   1.207E+00   9.030E+00  8.065E-03  2.410E+02  4.686E-03  9.913E+00  5.380E-03  1.172E+00  2.558E-05  9.269E-07  4.740E-04
 147   8.644E-01   7.969E+00  8.965E-03  1.693E+02  5.894E-03  7.560E+00  4.108E-03  6.314E-01  2.335E-05  1.012E-06  5.171E-04
 148   6.189E-01   6.581E+00  8.956E-03  1.126E+02  8.149E-03  5.867E+00  2.895E-03  3.041E-01  1.971E-05  9.559E-07  4.869E-04
 149   4.433E-01   5.105E+00  7.950E-03  7.052E+01  1.182E-02  4.766E+00  1.892E-03  1.326E-01  1.500E-05  7.893E-07  3.998E-04
 150   3.176E-01   3.839E+00  6.676E-03  4.304E+01  1.725E-02  4.130E+00  1.224E-03  5.575E-02  1.073E-05  6.024E-07  3.029E-04
 151   2.273E-01   2.878E+00  5.578E-03  2.647E+01  2.462E-02  3.731E+00  8.252E-04  2.339E-02  7.352E-06  4.364E-07  2.169E-04
 152   1.626E-01   2.189E+00  4.687E-03  1.661E+01  3.413E-02  3.416E+00  5.829E-04  9.731E-03  4.732E-06  3.064E-07  1.489E-04
 153   1.163E-01   1.662E+00  3.858E-03  1.038E+01  4.672E-02  3.137E+00  4.222E-04  3.886E-03  2.864E-06  2.146E-07  9.993E-05
 154   8.334E-02   1.181E+00  2.891E-03  6.149E+00  6.084E-02  2.791E+00  3.052E-04  1.459E-03  1.700E-06  1.491E-07  6.474E-05
 155   5.961E-02   7.435E-01  1.854E-03  3.264E+00  7.463E-02  2.366E+00  2.161E-04  4.940E-04  1.008E-06  1.040E-07  4.043E-05
 156   4.263E-02   3.945E-01  9.665E-04  1.479E+00  8.396E-02  1.869E+00  1.495E-04  1.452E-04  5.498E-07  7.403E-08  2.450E-05
 157   3.049E-02   1.734E-01  4.044E-04  5.567E-01  8.699E-02  1.376E+00  1.029E-04  3.550E-05  2.369E-07  5.509E-08  1.467E-05
 158   2.183E-02   6.585E-02  1.429E-04  1.795E-01  8.544E-02  9.724E-01  7.236E-05  7.512E-06  7.933E-08  4.348E-08  8.860E-06
 159   1.562E-02   2.365E-02  4.713E-05  5.439E-02  8.257E-02  6.770E-01  5.283E-05  1.591E-06  2.373E-08  3.652E-08  5.421E-06
 160   1.119E-02   9.817E-03  1.787E-05  1.870E-02  8.077E-02  4.766E-01  3.878E-05  4.164E-07  7.554E-09  3.263E-08  3.421E-06
 161   8.025E-03   5.339E-03  8.925E-06  8.206E-03  8.672E-02  3.429E-01  2.838E-05  1.391E-07  2.686E-09  3.382E-08  2.316E-06
 162   5.761E-03   3.622E-03  5.610E-06  4.372E-03  1.089E-01  2.477E-01  2.021E-05  5.662E-08  1.092E-09  4.415E-08  1.696E-06
 163   4.146E-03   2.881E-03  4.195E-06  2.655E-03  1.550E-01  1.722E-01  1.411E-05  2.790E-08  5.108E-10  7.730E-08  1.423E-06
 164   2.991E-03   2.483E-03  3.449E-06  1.703E-03  1.627E-01  9.131E-02  8.912E-06  1.634E-08  2.649E-10  1.481E-07  1.357E-06
 165   2.166E-03   2.238E-03  3.024E-06  1.119E-03  2.952E-02  9.734E-03  4.355E-06  9.058E-09  1.155E-10  2.709E-07  1.456E-06
 166   1.575E-03   1.737E-03  2.316E-06  6.211E-04  8.229E-03  1.872E-03  2.074E-06  3.010E-09  2.640E-11  4.433E-07  1.673E-06
 167   1.148E-03   1.169E-03  1.549E-06  2.949E-04  5.771E-03  9.831E-04  8.786E-07  8.505E-10  5.626E-12  6.672E-07  1.981E-06
 168   8.405E-04   7.379E-04  9.821E-07  1.303E-04  5.080E-03  6.803E-04  3.520E-07  2.277E-10  1.214E-12  9.519E-07  2.386E-06
 169   6.172E-04   4.514E-04  6.089E-07  5.534E-05  4.996E-03  5.459E-04  1.425E-07  6.165E-11  2.765E-13  1.278E-06  2.835E-06
 170   4.549E-04   2.737E-04  3.785E-07  2.298E-05  5.377E-03  4.904E-04  5.957E-08  1.711E-11  6.532E-14  1.649E-06  3.341E-06
 171   3.363E-04   1.675E-04  2.410E-07  9.422E-06  6.301E-03  4.873E-04  2.686E-08  5.052E-12  1.629E-14  2.014E-06  3.831E-06
 172   2.493E-04   1.044E-04  1.595E-07  3.817E-06  8.082E-03  5.334E-04  1.339E-08  1.616E-12  4.240E-15  2.316E-06  4.246E-06
 173   1.851E-04   6.832E-05  1.137E-07  1.547E-06  1.146E-02  6.483E-04  7.695E-09  5.965E-13  1.173E-15  2.420E-06  4.441E-06
 174   1.379E-04   4.783E-05  8.990E-08  6.290E-07  1.831E-02  8.862E-04  5.165E-09  2.696E-13  3.397E-16  2.266E-06  4.366E-06
 175   1.028E-04   3.782E-05  8.439E-08  2.656E-07  3.357E-02  1.390E-03  4.096E-09  1.667E-13  1.054E-16  1.825E-06  3.956E-06
 176   7.686E-05   3.590E-05  1.018E-07  1.218E-07  7.348E-02  2.610E-03  3.769E-09  1.501E-13  3.463E-17  1.248E-06  3.303E-06
 177   5.758E-05   4.360E-05  1.718E-07  6.820E-08  1.935E-01  5.921E-03  3.742E-09  1.876E-13  1.116E-17  8.785E-07  2.627E-06
 178   4.334E-05   7.485E-05  4.638E-07  6.490E-08  5.386E-01  1.435E-02  3.089E-09  2.650E-13  2.704E-18  2.385E-06  2.146E-06
 179   3.288E-05   1.922E-04  2.211E-06  1.562E-07  6.929E-01  1.639E-02  8.408E-10  3.014E-13  3.433E-19  4.678E-05  1.684E-06
 180   2.533E-05   5.107E-04  1.355E-05  5.721E-07  9.791E-02  2.098E-03  3.921E-10  1.573E-13  8.610E-20  1.418E-03  5.316E-07
 181   2.005E-05   3.029E-04  2.526E-05  8.223E-08  2.892E-03  4.933E-05  5.161E-11  2.697E-17  7.791E-23  1.382E-02  3.504E-07
 182   1.608E-05   1.001E-09  5.194E-11  7.652E-17  5.387E-09  4.861E-11  4.444E-17  2.694E-27  2.669E-36  7.428E-07  9.921E-14
 183   1.143E-05   8.000E-16  2.577E-17  1.264E-25  3.708E-16  6.274E-18  2.784E-24  0.000E+00  0.000E+00  6.974E-14  3.082E-22
 184   8.110E-06   5.494E-22  1.097E-23  1.905E-38  1.417E-23  4.866E-25  0.000E+00  0.000E+00  0.000E+00  3.865E-21  7.796E-37
 185   5.728E-06   3.735E-28  2.482E-38  0.000E+00  0.000E+00  0.000E+00  0.000E+00  0.000E+00  0.000E+00  1.905E-28  0.000E+00
 186   4.039E-06   0.000E+00  0.000E+00  0.000E+00  0.000E+00  0.000E+00  0.000E+00  0.000E+00  0.000E+00  0.000E+00  0.000E+00
 187   2.848E-06   0.000E+00  0.000E+00  0.000E+00  0.000E+00  0.000E+00  0.000E+00  0.000E+00  0.000E+00  0.000E+00  0.000E+00
 188   2.011E-06   0.000E+00  0.000E+00  0.000E+00  0.000E+00  0.000E+00  0.000E+00  0.000E+00  0.000E+00  0.000E+00  0.000E+00
 189   1.422E-06   0.000E+00  0.000E+00  0.000E+00  0.000E+00  0.000E+00  0.000E+00  0.000E+00  0.000E+00  0.000E+00  0.000E+00
 190   1.008E-06   0.000E+00  0.000E+00  0.000E+00  0.000E+00  0.000E+00  0.000E+00  0.000E+00  0.000E+00  0.000E+00  0.000E+00
 191   7.152E-07   0.000E+00  0.000E+00  0.000E+00  0.000E+00  0.000E+00  0.000E+00  0.000E+00  0.000E+00  0.000E+00  0.000E+00
 192   5.089E-07   0.000E+00  0.000E+00  0.000E+00  0.000E+00  0.000E+00  0.000E+00  0.000E+00  0.000E+00  0.000E+00  0.000E+00
 193   3.620E-07   0.000E+00  0.000E+00  0.000E+00  0.000E+00  0.000E+00  0.000E+00  0.000E+00  0.000E+00  0.000E+00  0.000E+00
 194   2.579E-07   0.000E+00  0.000E+00  0.000E+00  0.000E+00  0.000E+00  0.000E+00  0.000E+00  0.000E+00  0.000E+00  0.000E+00
 195   1.839E-07   0.000E+00  0.000E+00  0.000E+00  0.000E+00  0.000E+00  0.000E+00  0.000E+00  0.000E+00  0.000E+00  0.000E+00
 196   1.311E-07   0.000E+00  0.000E+00  0.000E+00  0.000E+00  0.000E+00  0.000E+00  0.000E+00  0.000E+00  0.000E+00  0.000E+00
 197   9.351E-08   0.000E+00  0.000E+00  0.000E+00  0.000E+00  0.000E+00  0.000E+00  0.000E+00  0.000E+00  0.000E+00  0.000E+00
 198   6.679E-08   0.000E+00  0.000E+00  0.000E+00  0.000E+00  0.000E+00  0.000E+00  0.000E+00  0.000E+00  0.000E+00  0.000E+00